MINT   200   339 19461112 19461113    1    1 1 3 0 0 9 3 2 0   0   0 0 0 0 0 1 0 0 9 9 0 9 0 0 0 5 4 1 Corfu Channel--Butterworth     
mint   365   315 19680821 19690417    2    2 1 3 4 4 2 0 9 0 999 999 0 0 1 0 1 0 0 9 1 0 9 9 1 1 5 5 2 Prague Sp.-Skilling/Kaplan     
mint   290   315 19680821 19690130    3    2 1 3 4 4 9 0 9 0 999 999 0 0 1 0 1 0 0 9 1 0 9 9 1 1 5 2 2 Prague Sp--Skilling/Kaplan     
mint   265   315 19680821 19690130    4    2 1 3 4 4 9 0 9 0 999 999 0 0 1 0 1 0 0 9 1 0 9 9 1 1 5 2 2 Prague Sp--Skilling/Kaplan     
mint   310   315 19680821 19690130    5    2 1 3 4 3 9 0 9 0 999 999 0 0 1 0 1 0 0 9 1 0 9 9 1 1 5 1 2 Prague Sp--Skilling/Kaplan     
mint   355   315 19680821 19690130    6    2 1 3 4 2 9 0 9 0 999 999 0 0 1 0 1 0 0 9 1 0 9 9 0 9 5 1 2 Prague Sp.--Skilling/Kaplan    
mint   315   255 19850928 19850928    7    3 1 5 0 0 3 0 9 9   0   0 0 9 0 0 1 0 0 0 1 0 0 0 1 1 4 2 4 Warn plane--NYT/Facts on File  
mint   339   350 19490813 19490814    8    4 1 4 5 9 9 0 9 1  20 999 3 9 0 1 0 9 0 9 1 9 9 9 1 1 4 1 1 Balkans-- Keesings             
mint   350   339 19490814 19490814    9    4 1 3 5 9 9 0 9 1 999 999 3 9 0 0 1 9 1 9 1 0 9 0 1 1 5 1 1 Balkans--Keesings              
mint   345   350 19480908 19480909   10    4 1 3 4 1 0 0 9 1  20 999 3 9 0 9 1 9 9 9 9 0 1 0 1 1 4 2 1 Balkans--Facts on File/NYT     
mint   350   355 19481231 19490604   11    4 1 6 5 9 9 0 9 9 999 999 3 9 0 0 1 0 1 0 1 0 9 0 1 1 5 1 1 Balkans/GrCivWar--NYT/Riggs-P  
mint   365   265 19530617 19530712   12    5 2 1 4 4 9 0 9 0 999 999 2 9 1 1 0 0 0 9 1 0 9 9 0 0 5 5 2 E. Ger. Riots--NYT/Butterworth 
mint   640   352 19740717 19881231   13    6 1 4 5 4 4 5 2 1 999 999 1 1 0 1 0 1 0 9 1 9 9 9 1 1 3 2 1 Cyprus Invasion--Disputes 1982 
mint   350   640 19861219 19861219   14    7 1 3 5 1 9 0 9 1   2   2 0 9 1 0 1 9 0 9 1 9 9 0 1 1 4 1 2 Gr-Tur Brdr-NYT/LATms/FoF/MBal 
mint   640   350 19861104 19861219   15    7 1 3 5 1 9 0 9 1   2   2 1 9 1 0 1 9 0 9 1 9 9 0 1 1 4 2 1 Gr-Tur Brdr-NYT/LATms/FoF/MBal 
mint   365   310 19561024 19580331   16    8 2 2 5 4 4 0 9 9 999 998 0 9 1 1 0 9 0 9 1 0 9 9 1 1 5 5 1 Hung.Rev.--Donelan/Grieve      
mint   200   395 19580902 19590530   17    9 1 3 0 0 9 4 1 9   0   0 0 0 1 0 1 0 0 1 0 0 2 0 0 0 4 4 1 Iceland Fishing--FoF           
mint   200   205 19850601 19850601   18   10 1 9 9 1 2 0 9 0   0   0 1 9 0 0 9 9 9 9 0 9 0 9 1 1 3 4 1 Ire. Border--NYT               
mint   651   338 19851123 19851123   19   11 1 6 5 1 2 9 9 0   3   3 0 0 0 0 0 0 1 0 1 1 0 9 0 0 3 1 1 Hijack Commandos--NYT          
mint   365   290 19561019 19561024   20   12 2 3 4 4 9 0 9 0   0 999 3 9 1 1 0 0 0 9 1 0 9 9 1 1 5 5 2 After Poz.Riots--Fejto/Butter  
mint   640   352 19631225 19640831   21    6 2 4 4 2 4 5 1 1 999 999 1 0 1 1 0 1 0 9 1 9 1 9 2 2 3 2 1 Cyp.--Purcell/NYT              
mint   350   352 19631225 19640831   22    6 2 2 4 3 3 2 9 0 999 999 3 0 1 1 0 1 0 1 1 9 1 9 0 0 3 1 1 Cyp.--Purcell/NYT              
mint   200   352 19631226 19640327   23    6 2 0 3 3 9 2 9 0 999 999 1 0 1 0 1 0 0 9 1 1 0 9 0 0 3 4 1 Cyp.-Purcell/NYT/Rikhye        
mint     1   352 19640313 19740814   24    6 4 0 5 3 9 2 9 0   2 999 0 0 1 0 1 0 0 0 9 1 0 9 0 0 3 9 1 Cyp.-Riggs-P/FoF/Rikhye        
mint     2   352 19740722 19740724   25    6 1 0 0 0 2 1 9 0   0   0 0 9 0 0 1 0 0 9 1 1 0 9 0 0 3 5 1 Cyp. UNEP--NYT/Jessup          
mint     1   352 19740814 19881231   26    6 4 0 3 3 9 9 9 0   1 999 0 1 1 0 1 0 0 0 9 1 0 9 0 0 3 9 1 Cyp-Riggs/Disp82/Btrw/FoF/Rkye 
mint   651   352 19780219 19780219   27   13 1 6 5 1 2 0 9 0  32   6 0 0 0 0 0 0 1 0 9 1 0 9 0 0 3 1 1 Commandos for Plane--NYT       
mint   310   345 19511228 19531024   28   14 1 3 4 9 9 9 9 9 999 999 0 9 0 0 1 9 0 9 9 9 2 0 1 1 3 1 2 Cominform/island--NYT          
mint   339   345 19491231 19531212   29   15 1 3 5 9 9 0 9 1 999 999 3 0 0 0 1 9 0 9 9 9 1 0 1 1 3 1 2 Cominform/Kosovo-- Disputes 82 
mint   345   200 19460712 19480430   30   16 1 3 5 1 9 9 9 9   2 999 0 0 0 0 1 1 0 9 9 9 1 9 1 1 4 2 4 Trieste--NYT/Jessup            
mint   345     2 19460712 19480430   31   16 1 3 5 1 9 9 9 9   2 999 0 0 0 0 1 1 0 9 9 9 1 9 1 1 4 2 5 Trieste--NYT/Jessup            
mint   200   352 19740716 19740722   32    6 1 0 0 0 1 1 9 0   0   0 1 1 0 0 0 0 0 9 9 1 0 1 0 0 3 4 1 Makarios coup-- Jessup         
mint   365   265 19610812 19610930   33   17 2 1 4 4 9 9 9 0   0   0 2 1 1 0 1 0 0 9 1 0 9 9 0 9 5 5 2 Berlin--Kaplan                 
mint   200    61 19690319 19690913   34   18 1 3 4 1 2 2 1 0   0   0 1 0 9 0 1 0 0 9 9 9 1 9 0 0 3 4 1 Anguilla UDI--                 
mint   160   200 19820401 19820614  170   19 1 3 5 3 4 5 2 9 700 255 1 1 0 0 1 0 0 1 9 0 1 9 0 0 4 3 4 Falklands--Disputes 82         
mint    40    31 19800513 19800513   35   20 1 9 0 0 3 0 9 0   0   0 0 9 0 0 9 0 0 1 9 0 1 0 2 2 4 3 1 Bahama Fish Zone--NYT/Jessup   
mint     2    31 19800513 19800513   36   20 1 5 0 0 4 9 9 0   0   0 0 9 1 0 9 0 0 9 1 0 9 9 2 9 4 5 1 Bahama Fish Zone--NYT/Jessup   
mint     2    31 19851231 99999999   37   21 2 1 9 9 2 9 9 9 999 999 0 1 1 0 1 0 0 1 9 9 0 9 2 0 4 5 1 Drug Pursuit--NYT              
mint     2   145 19860714 19861115   38   22 1 1 0 0 2 0 0 0 999 999 0 1 1 0 1 0 0 1 0 9 0 0 0 0 4 5 1 Drug Pursuit--NYT              
mint     2   145 19791108 19791108   39   23 1 0 0 0 1 0 0 0   0   0 0 9 1 0 0 0 0 9 0 1 0 9 0 9 4 5 1 Post Coup Evac--NYT            
mint   160   155 19580812 19580817   40   24 1 3 4 1 9 2 1 1   0   0 9 0 1 0 1 0 0 9 9 0 2 0 1 2 4 3 1 Beagle Ch.--NYT                
mint   160   155 19820219 19820219   41   24 1 9 0 0 9 4 1 9   0   0 9 1 1 0 1 0 0 1 1 0 2 0 1 2 4 3 1 Beagle Ch.--Disputes 82        
mint    93    94 19480315 19480423   42   25 1 1 4 1 4 9 9 9 999 999 3 0 1 1 0 9 0 9 9 0 9 9 1 1 3 1 1 C.R. Civ. War--FoF/NYT         
mint    93    94 19780912 19790715   43   26 1 6 9 9 4 9 9 1 999  28 3 1 1 0 1 0 1 0 1 0 9 0 1 1 4 1 1 Sandan. Revol-- Newsw/LTimes   
mint     2    94 19790708 19790710   44   26 1 0 0 0 1 9 9 0   0   0 0 0 1 0 0 0 0 9 9 1 0 9 0 1 4 5 1 Sandan. Revol--NYT             
mint    93    94 19830928 19850531   45   27 1 6 5 1 0 0 9 1 999  11 3 1 1 9 1 0 1 0 1 0 0 0 1 1 4 1 1 Contra War-NYT/Jessup/FoF/Kees 
mint     2    40 19580728 19580801   46   28 2 2 3 9 0 9 9 0   0   0 2 0 1 9 1 0 0 9 1 9 9 1 1 0 4 5 2 Cuban Civil War--NYT           
mint     2    40 19591120 19600215   47   29 2 3 3 9 9 9 9 0 999 999 2 1 1 9 1 0 0 9 9 9 9 1 1 0 3 5 2 US-Castro--Cong.Record         
mint   365    40 19780213 99999999   48   30 1 1 9 9 3 0 0 0   0   0 0 1 1 0 1 0 0 9 1 0 0 9 0 0 5 5 3 Pilots during Ethio.--Kaplan   
mint   365    40 19620731 19621103   49   31 1 1 3 2 9 9 9 0 999   0 0 0 0 0 1 0 0 9 1 0 0 9 0 0 2 5 3 Missile Crisis--NYT/Kaplan     
mint     2    42 19611120 19611206   50   32 1 3 4 2 0 4 2 0   0   0 2 9 1 1 0 0 0 9 1 9 0 9 0 0 4 5 1 Trujillo Ousted--NYT           
mint     2    42 19650428 19660931   51   33 1 2 5 4 2 9 9 0 199  17 2 1 1 1 0 0 0 9 1 9 0 9 0 0 4 5 1 Civil War--Zacher              
mint    29    42 19650523 19660931   52   33 4 0 3 4 9 9 9 0  17  17 0 0 1 9 1 0 0 9 0 1 0 9 0 0 4 9 1 Civil W--Butter/Wainhouse      
mint   135   130 19510809 19510821   53   34 1 3 9 9 0 0 9 1 999   4 3 9 1 0 1 0 0 1 0 0 1 0 1 1 4 1 1 Old Border Dispute-NYT/FoF     
mint   130   135 19780118 19780120   82   34 1 3 5 1 4 0 9 9   0   0 3 9 1 0 1 0 0 1 9 0 2 0 1 1 4 1 1 Border Dispute--NYT            
mint   130   135 19810123 19810222   54   34 1 3 5 1 4 0 9 9   8   4 3 1 1 0 1 0 0 1 9 0 2 0 1 1 4 1 1 Border Dispute--NYT/Disputes82 
mint   135   130 19840116 19840117   83   34 1 3 9 9 9 0 9 1 999   2 3 1 1 0 1 0 0 1 9 0 1 0 1 1 4 1 1 Border Dispute--NYT            
mint     2    55 19831025 19831216   55   35 1 3 5 3 4 2 2 1 133 382 0 0 1 1 0 0 0 9 1 1 0 9 0 0 3 5 1 After Coup--WSJ/NYT/Motley     
mint    49    55 19831025 19831216   56   35 4 3 3 1 0 9 9 9   0 382 3 0 0 1 0 0 9 9 1 9 9 9 2 0 3 1 1 After Coup--NYT                
mint    94    93 19840503 19840503   57   27 1 3 9 9 9 0 9 1 999 999 3 0 1 9 1 9 0 0 1 0 9 1 1 1 2 1 1 Retal Firing--NYT              
mint     2    90 19870503 19870504   58   37 1 1 0 0 2 0 9 0   0 999 0 9 1 1 0 0 0 9 1 0 0 9 0 1 4 5 1 Insurgency--NYT/FoF            
mint   101   110 19700221 19700222   60   39 1 3 9 1 0 9 9 1 999 999 0 9 0 0 1 0 0 1 9 0 2 0 1 1 1 2 1 Border Disp-Disp82/FoF/NYT     
mint     2   110 19781121 19781126   61   39 1 1 1 1 1 0 9 0   0   0 0 0 0 0 1 0 0 0 0 1 0 0 0 0 1 5 1 Jonestown--NYT                 
mint     2    41 19630505 19630604   62   40 1 3 9 9 0 2 2 0   0   0 2 9 1 9 1 0 0 9 1 1 0 1 0 0 4 5 1 Haiti-Dom Dispute--Butter      
mint    93    91 19570418 19570631   63   40 1 3 5 1 9 0 9 9  35 999 3 0 1 0 1 0 0 1 9 0 1 0 1 1 4 1 1 Border Dispute--NYT            
mint    92    91 19690714 19710501   64   41 1 3 5 1 4 0 9 9   2 998 3 9 1 0 1 1 0 1 9 9 1 9 1 1 4 1 1 Football War--Butter/Disp82    
mint    91    92 19690703 19710501   65   41 1 3 0 0 4 0 9 9 998   2 3 9 1 0 1 0 0 1 9 0 1 0 1 1 4 1 1 Football War--Butter/Disp/NYT  
mint    29    91 19690718 19801030   66   41 4 0 3 1 9 0 9 0   1 999 0 0 1 0 1 9 0 0 0 1 0 9 9 1 4 9 1 Football War--Butter/Disp82    
mint    29    92 19690718 19801030   67   41 4 0 3 1 9 0 9 0   1 999 0 0 1 0 1 9 0 0 0 1 0 9 9 1 4 9 1 Football War--Butter/Disp82    
mint    92    91 19810317 19820631   68   42 1 6 5 1 4 0 9 1 999  20 3 1 1 0 9 0 1 9 1 0 9 0 1 1 4 1 1 Insurgency--Disp82/NYT         
mint    91    92 19820627 19831231   69   42 1 6 5 2 3 0 9 9 999 999 3 1 1 1 0 0 1 9 1 0 1 0 1 1 4 1 1 Insurgency--Disp82/NYT         
mint    92    91 19760714 19760731   70   41 1 3 9 9 9 9 9 1 999 999 3 1 1 0 1 9 0 1 9 0 1 0 1 1 4 1 1 Border Flareup--Disp.82        
mint    91    92 19760714 19760731   71   41 1 3 9 9 9 9 9 1 999 999 3 1 1 0 1 9 0 1 9 0 1 0 1 1 4 1 1 Border Flareup--Disp.82        
mint     2    91 19880317 19880331   72   27 1 1 3 2 2 9 9 0 999 999 2 9 1 0 1 0 0 9 1 0 0 9 0 0 4 5 1 Contra War--NYT                
mint    93    91 19860331 19880320   73   27 1 6 5 2 9 9 9 9 258   1 3 1 9 0 1 0 1 9 1 0 9 0 1 1 4 1 1 Contra War--NYT                
mint    91    93 19860331 19880320   74   27 1 3 9 9 4 9 9 9 999 999 3 9 9 1 0 9 0 9 1 0 9 0 1 1 2 1 1 Contra War--NYT                
mint     2    93 19790614 19790615   75   26 1 0 0 0 1 0 9 0   0   0 2 9 1 9 0 0 0 9 9 1 0 1 0 0 3 5 1 Sandan. Revol.--NYT            
mint    93    91 19840111 19850930   76   27 1 6 5 1 9 0 9 1 999 999 3 1 0 0 1 0 1 9 1 0 9 0 1 1 4 1 1 Contra War--NYT                
mint     2    91 19861207 19880320   77   27 2 1 0 0 2 0 9 0 999 999 2 9 1 0 1 0 0 9 1 0 0 9 0 0 4 5 1 Contra War--NYT                
mint     2    95 19590501 19590505   78   43 1 2 0 0 0 4 1 0   0   0 2 9 1 1 0 0 0 9 1 0 9 9 0 0 4 5 1 Exile Rebel.--NYT              
mint   100    95 19590503 19590505   79   43 1 2 0 0 0 4 1 0   0   0 3 0 1 1 0 0 0 9 1 0 9 9 1 1 4 1 1 Exile Rebel.--NYT              
mint    40    95 19590429 19590503   80   43 1 0 2 1 0 9 9 0   0   0 3 0 1 1 0 0 0 9 1 9 0 9 0 0 4 2 1 Exile Rebel.--NYT              
mint     2    95 19880402 19881231   81   44 1 3 3 2 9 9 9 0   1   0 2 1 1 1 0 0 0 1 1 0 9 1 0 0 4 5 1 Noriega Dispute--NYT           
mint     2    92 19830202 19881231   84   42 2 1 5 1 4 9 9 0  10 999 0 9 1 1 0 0 9 9 1 1 0 9 0 0 4 5 1 Advisors-Insurg.--NYT          
mint   100   101 19870809 19870816   85   45 1 3 0 0 0 4 1 0   0   0 3 9 1 0 1 0 0 1 0 0 1 0 1 2 4 1 2 Coastal Dispute--NYT           
mint   731   732 19500625 19501001   86   46 1 3 5 4 4 4 1 9 998 998 3 9 0 0 1 9 0 9 1 9 1 0 1 1 1 1 1 Kor War-Rees/Disputes82/Lukacs 
mint     2   732 19500627 19500707   87   46 1 1 5 1 4 5 2 1 998 998 2 9 0 0 1 0 0 9 1 9 0 9 0 1 1 5 1 Korean War--Rees/Disputes82    
mint     2   731 19500630 19500707   88   46 1 3 0 0 4 4 2 1 999 999 0 0 0 0 1 0 0 9 1 0 0 0 0 1 2 5 1 Korean War--NYT                
mint     1   732 19500708 19530726   89   46 4 1 5 4 4 5 2 9 998 998 0 0 0 0 1 9 0 9 1 9 0 9 9 0 1 9 1 Korean War--Rees               
mint     1   731 19501001 19530726   90   46 4 3 5 4 4 5 2 9 998 998 0 0 0 0 1 0 0 9 1 9 0 9 9 1 2 9 1 Korean War--Rees               
mint   710   731 19501014 19530726   91   46 1 1 5 4 4 9 9 9 998 998 2 0 0 0 1 0 0 9 1 9 9 9 1 1 2 4 1 Korean War--Rees               
mint   732   731 19501001 19530726   92   46 1 3 5 4 4 9 9 1 998 998 3 9 0 0 1 9 0 9 1 9 1 0 1 1 2 1 1 Korean War--Rees               
mint     1   365 19501008 19501231   93   46 4 3 0 0 4 9 9 0   0 999 0 0 1 0 1 0 0 9 1 0 0 0 9 9 5 9 5 Korean War--Rees               
mint     1   710 19500827 19500922   94   46 4 3 0 0 4 9 9 0   0  41 0 9 0 0 1 0 0 9 1 0 0 0 9 9 5 9 4 Korean War--NYT                
mint   710   732 19501201 19530726   95   46 1 3 5 4 4 9 9 1 998 998 2 0 0 0 1 0 0 9 1 0 9 0 0 1 1 4 1 Korean War--Lukacs             
mint   731   732 19501201 19530726   96   46 1 3 5 4 4 9 9 1 998 998 3 1 0 0 1 9 0 9 1 9 1 0 1 1 1 1 1 Korean War--Lukacs             
mint   365   700 19791211 19881231   97   47 3 2 5 4 4 0 9 9 998 998 0 1 9 1 0 0 0 9 1 9 9 9 1 1 2 5 1 Afgh. War--Hammond/NYT         
mint   365   700 19790731 19791211   98   47 1 2 3 1 4 0 9 0 999 999 0 9 9 1 0 0 0 9 1 9 9 1 1 1 2 5 1 Afgh. War--Kaplan              
mint   365   770 19800930 19820228   99   47 1 6 9 9 4 0 9 1 999   2 0 9 0 0 1 0 1 9 1 0 0 0 0 1 1 5 1 Afgh. War--NYT                 
mint   365   770 19830918 19881231  100   47 1 6 5 1 4 0 9 1 999 250 0 1 0 0 1 0 1 9 1 0 0 0 0 1 1 5 1 Afgh War-CSM/Keesings          
mint   750   755 19480726 19480917  101   48 1 3 5 9 4 0 9 9 999  25 3 0 9 0 1 9 0 9 9 0 1 9 1 1 1 3 1 Hyderabad--NYT                 
mint   750   235 19611217 19611219  102   49 1 3 5 4 4 5 9 9  22  17 0 0 0 0 1 9 0 1 9 9 1 0 1 1 4 4 1 Goa-Donelan/Butter/NYT         
mint   750   753 19471005 19471110  103   50 1 3 4 2 9 0 9 0 999   1 3 0 0 0 1 9 0 9 9 0 1 9 1 1 3 3 1 Junagadh--Donelan              
mint   200   835 19840101 19881231  104   51 2 1 3 1 9 9 9 0   0   0 1 0 9 9 1 9 0 1 1 0 0 9 0 0 1 4 1 Oil Fields--NYT                
mint   749   750 19810515 19850531  105   52 1 3 9 9 9 4 1 0   0   0 3 1 9 0 1 9 0 9 9 0 2 0 1 1 2 1 4 Island Dispute--Disputes82     
mint   749   750 19791101 19791231  106   52 1 3 9 9 9 0 9 1   0   0 3 9 9 0 1 9 0 9 9 0 2 0 1 1 2 1 4 Border Dispute--Keesings/NYT   
mint   749   750 19840421 19840508  108   53 1 3 5 1 9 0 9 1   2   1 3 1 9 0 1 9 0 1 9 9 9 9 1 1 2 1 4 Refugee Dispute--NYT           
mint   750   749 19751117 19761231  110   54 1 4 9 9 0 0 9 1   3  10 3 9 9 1 0 9 0 9 1 9 9 9 1 1 3 4 1 Post-Coup--Wash. Post          
mint   710   775 19510131 19531231  111   55 1 5 3 2 9 0 9 9 999 999 0 9 0 9 1 9 1 9 1 0 9 9 1 1 1 4 1 Border Sanctuaries--NYT        
mint   710   775 19551120 19561130  112   56 1 3 5 2 9 0 9 9   7 999 0 1 0 9 1 9 9 9 1 0 2 9 1 1 3 4 1 Disputed Territ.--Zacher/NYT   
mint   775   800 19531011 19531011  113   57 1 6 0 0 4 0 9 0   0   7 0 9 0 0 9 0 1 9 1 0 9 0 1 1 1 1 1 KMT Suppression--NYT           
mint     2   811 19640319 19690318  114   58 1 6 5 1 9 9 9 1 999 999 0 9 0 0 1 0 1 9 1 0 0 0 0 1 3 5 1 Pursue V.C.--NYT/Liefer        
mint   817   811 19551130 19730815  115   59 1 3 4 1 9 4 1 9 999 999 3 9 0 0 1 9 0 1 9 0 2 0 1 2 3 1 1 Islands Dispute--Liefer        
mint     2   811 19690318 19730815  116   58 1 6 5 4 4 9 9 9 999 998 0 1 0 9 1 0 1 9 1 0 0 0 0 1 3 5 1 VN Insurg.--Shawcross          
mint   817   811 19700330 19730815  117   58 1 6 5 4 4 9 9 9 999 998 3 1 0 9 1 9 1 9 1 0 9 0 1 1 1 1 1 VN Insurg.--Shawcross          
mint   816   811 19641031 19750430  118   58 1 6 4 4 9 0 9 9 998 999 3 0 0 9 1 9 0 9 1 0 9 1 1 1 3 1 1 VN Insurg.--Shawcross          
mint   816   811 19750503 19771231  119   60 3 3 5 4 4 4 9 9 999 999 3 1 9 9 1 9 0 1 9 0 2 9 1 1 2 1 1 Border Disp-Keesings/Shawcross 
mint   816   811 19771231 19881231  120   61 1 3 5 4 4 4 2 1 998 998 3 1 0 1 0 1 0 1 1 1 1 9 1 1 2 1 1 Oust Govt--NYT/Kees./Shawcross 
mint   811   800 19761122 19781224  121   62 1 3 5 1 0 5 1 1  50  35 0 9 0 9 1 0 1 1 1 0 2 0 1 1 1 1 1 Border Attacks--Keesings/NYT   
mint   811   800 19800623 19800624  122   63 1 6 5 1 9 9 9 1  75  22 0 1 0 0 1 0 1 9 1 0 2 0 1 1 1 1 1 Counter-Insurg.--Keesings      
mint   811   816 19750504 19781224  123   60 1 3 5 1 4 5 1 1 998 998 3 9 9 0 1 9 0 9 9 0 2 0 1 1 5 1 1 Border Dispute--Keesings       
mint   816   800 19800129 19870630  124   63 1 6 5 2 9 0 9 1 100 240 0 9 0 0 1 0 1 9 1 0 2 0 0 1 1 1 1 Counter-Insurg-WSJ/FoF/NYT     
mint   710   816 19810430 19810831  125   63 1 3 5 2 3 9 9 1 100 150 2 1 0 0 1 9 0 9 1 9 1 0 1 1 5 4 1 Border Clash--NYT/Disp 82      
mint   710   816 19790217 19790317  126   63 1 3 5 4 4 0 9 1 998 998 2 9 0 0 1 1 0 9 1 9 2 0 1 1 5 4 1 Brief War--NYT/Disp 82         
mint   812   811 19790324 99999999  127   61 1 3 5 2 9 9 9 9 999 998 3 9 0 1 0 9 9 9 1 0 9 9 1 1 2 1 1 Khmer War-NYT/Keesings/FoF     
mint   700   770 19800927 19800930  128   47 1 6 0 0 4 0 9 1 999   3 0 1 0 0 1 9 1 9 1 0 9 9 1 1 1 1 3 Afgh. Insurg.-Jessup/NYT       
mint   800   811 19820403 19820404  129   63 1 5 9 9 9 0 9 1   0   0 0 9 0 1 0 9 0 9 1 9 9 0 1 1 2 1 1 Cam.Insurg.--NYT               
mint   816   710 19840401 19850731  130   64 1 3 5 3 9 0 9 1 999 280 0 9 0 0 1 9 9 9 1 0 2 0 1 1 3 1 4 Border Clash--NYT              
mint   235   710 19520730 19520731  131   65 1 3 0 0 0 5 1 1 999 999 0 9 0 0 1 9 0 1 1 0 1 1 1 1 5 1 4 Border Clash--NYT              
mint   710   235 19670101 19670131  132   65 1 4 0 0 0 4 1 9   0   0 0 9 0 1 0 1 0 9 9 9 1 9 1 1 4 4 1 Aid Protest--Jessup            
mint   710   365 19690302 19690911  133   66 1 3 5 2 9 9 9 1 800  60 0 9 0 0 1 9 0 9 9 0 2 0 1 1 5 4 5 Ussuri River--An/Salisbury     
mint   365   710 19690315 19690911  134   66 1 3 5 2 3 4 1 1  60 800 0 9 0 0 1 0 0 9 1 9 1 0 1 1 2 5 4 Ussuri River--An/Salisbury     
mint   710   713 19540903 19550228  135   67 1 3 5 9 4 5 2 1 999 999 3 1 0 9 1 9 9 9 1 0 1 0 2 2 4 4 1 Tai. Str./Islands-Disp82/Kees  
mint   710   713 19580823 19781231  136   67 1 3 0 0 4 5 1 1 999 999 3 1 0 9 1 9 9 9 1 0 1 0 2 2 4 4 1 Tai.Str./Qmoy-Disp82/Keesings  
mint   713   710 19540904 19550205  137   67 1 3 0 0 4 5 1 1 999 999 3 9 0 0 1 9 0 9 1 0 1 0 2 2 5 1 4 Taiwan Str.-Disp82/Stolper     
mint     2   710 19580907 19581231  138   67 1 5 0 0 3 2 2 9 999 999 0 1 0 0 1 0 0 9 1 1 2 9 0 0 5 5 4 Taiwan Str.--Disputes 82       
mint     2   713 19580907 19581231  139   67 1 1 9 9 3 2 2 9 999 999 0 0 1 0 1 0 0 9 1 1 2 9 0 0 4 5 1 Taiwan Str.--Disputes 82       
mint   817   710 19740117 19741231  140   68 1 3 5 1 9 5 2 9   5 999 0 9 0 0 1 0 0 1 9 0 2 0 0 0 2 1 4 Paracels-Wash Post/Disp82      
mint   710   713 19500416 19580823  141   67 1 3 9 9 9 9 9 1 999 999 3 0 0 9 1 9 0 9 1 0 1 0 2 2 4 4 1 Taiwan Str.-Jessup/NYT/Kees    
mint   713   710 19500430 19501231  221   67 1 3 0 0 4 9 9 9 999 999 3 0 0 9 1 0 0 9 1 0 1 0 2 2 5 1 4 Tai. Str. Bomb Cities-Keesings 
mint   710   709 19501007 19510523  142  103 1 3 5 4 9 0 9 9 999 999 3 0 0 0 1 9 0 1 9 0 1 9 1 1 3 4 1 Tibet--Jessup                  
mint   850   235 19750925 19760731  143   69 1 3 5 1 9 4 2 1 999 998 0 9 0 1 0 9 0 1 9 0 1 9 1 1 4 3 1 E.Timor-Zacher/Disp.82         
mint   712   710 19470605 19470624  144   70 1 3 5 1 3 0 9 9 999   2 3 9 0 9 1 9 0 1 9 9 9 1 1 1 1 1 4 Repat.Soldiers-Jessup/NYT      
mint   816   710 19810430 19810831  145   63 1 3 5 2 9 9 9 1 150 100 0 9 0 0 1 0 9 9 1 0 9 0 1 1 3 1 4 Border Clash--WSJ/NYT          
mint   817   713 19740131 19741231  146   68 1 3 4 1 9 4 2 9 999 999 0 9 0 0 1 0 0 1 9 0 2 0 0 0 4 1 1 Spratly Is.--NYT               
mint   817   840 19740131 19741231  147   68 1 3 4 1 9 4 2 9 999 999 0 9 0 0 1 0 0 1 9 0 2 0 0 0 4 1 2 Spratly Is.--NYT               
mint   200   210 19460101 19461129  148   71 2 2 5 4 4 4 9 9 999 999 0 0 9 1 0 9 0 9 1 9 9 9 0 0 1 4 2 Indon. Insurg.-NYT/Jessup      
mint   850   210 19611231 19620818  149   72 1 3 5 1 4 2 1 9  10 999 3 0 0 0 1 9 0 1 9 9 1 0 2 2 4 3 3 W. Irian--Wainhouse            
mint     1   210 19620820 19621001  150   72 4 0 3 2 2 2 1 0   0   0 0 0 1 0 1 9 0 0 0 1 0 9 9 0 4 9 3 W. Irian--Riggs & Plano        
mint     1   850 19470825 19510331  151   71 4 0 2 1 2 2 1 0 999 999 0 0 0 0 1 9 0 0 0 1 0 9 9 0 3 9 3 Indon Indep-Wainhouse/Riggs-P  
mint   204   820 19570831 19630916  152   73 4 1 5 3 9 9 9 1 999 999 3 0 1 1 0 9 0 9 1 9 9 1 9 0 1 9 1 Post Indep--NYT                
mint   204   820 19630916 19660811  153   74 4 1 5 4 4 5 2 1 295 812 3 1 1 1 0 9 0 9 1 9 1 9 9 0 1 9 1 Malays. Fed.--NYT              
mint   850   820 19631229 19660811  154   74 1 3 5 4 2 2 9 9 812 295 0 9 0 1 0 1 0 1 1 9 1 0 1 1 1 3 1 Mal.Fed.-Purcell/Hyde/James-Sm 
mint   830   820 19650819 19660811  155   74 1 2 9 9 9 9 9 9 999 999 3 0 9 1 0 9 0 9 1 9 9 9 0 0 1 1 1 Malays. Fed--NYT               
mint   200   835 19621208 19630531  156   75 1 1 5 9 4 9 9 9  35  40 2 9 1 1 0 9 0 1 1 0 9 9 0 0 1 4 1 Rebel.--James & Small          
mint   850   200 19630412 19630916  157   74 1 3 5 1 0 2 1 9  15 999 0 9 0 1 0 9 0 9 1 0 1 0 2 2 4 3 4 Sarawak Raids--James & Small   
mint     2   840 19511025 19511231  158   76 2 2 3 1 9 9 9 9   3 999 1 9 1 1 0 0 0 9 1 9 0 1 0 0 4 5 1 Huk. Rebel--NYT                
mint   731     1 19530726 19841231  159   46 1 3 5 1 9 9 9 1  20  20 9 1 0 0 1 0 9 9 1 9 1 9 1 1 9 1 9 DMZ Skirmishes--NYT/LTms       
mint     1   731 19530726 19841231  160   46 4 3 5 1 2 9 9 1  20  20 9 1 0 0 1 0 9 9 1 9 1 1 1 1 5 9 1 DMZ Skirmishes--NYT/LTms       
mint   820   850 19661108 19761231  161   77 1 2 3 9 9 9 9 9 999 999 0 9 0 1 0 9 1 9 1 9 9 9 1 1 3 1 3 Joint Counter-Insurg.-NYT      
mint   850   820 19661108 19761231  162   77 1 2 3 9 9 9 9 9 999 999 0 1 0 1 0 9 1 9 1 9 9 9 1 1 1 3 1 Joint Counter-Insurg.-NYT      
mint   800   820 19691130 19760615  163   77 1 2 9 9 4 0 9 9 999 999 0 9 0 1 0 9 1 9 1 0 9 9 1 1 1 1 1 Joint Counter-Ins.--Jessup     
mint   820   800 19691130 19760615  164   77 1 2 9 9 4 0 9 9 999 999 0 9 0 1 0 9 1 9 1 0 9 9 1 1 4 1 1 Joint Counter-Ins--Jessup/NYT  
mint   850   800 19810329 19810331  166   79 1 6 5 1 2 9 9 0   0   0 0 0 1 0 1 0 1 0 9 1 0 9 2 2 1 3 1 Hijack Raid-Jessup/FAf/NYT     
mint   812   800 19751117 19781231  167   80 1 3 9 9 0 9 9 1   3   4 0 9 0 9 1 0 9 0 1 0 1 1 1 1 4 1 1 River/Border--NYT/Keesings     
mint   800   812 19751117 19781231  168   80 1 3 9 9 4 4 1 1   4   3 0 1 0 9 1 9 9 0 1 0 1 1 1 1 2 1 1 River/Border--NYT/Keesings     
mint   816   812 19590101 19640430  169   81 1 6 3 1 9 0 9 1 999 999 3 0 0 1 0 9 0 9 1 0 9 1 1 1 1 1 1 Est. Outposts--Jessup/NYT      
mint   800   812 19840415 19880219  171   80 1 3 5 1 4 0 9 1  50 200 0 1 0 9 1 9 1 9 1 0 2 0 1 1 2 1 1 Border Disp.--NYT/Disputes 87  
mint   812   800 19850831 19880219  172   80 1 3 5 9 0 0 9 1 200  50 0 1 0 9 1 9 1 9 1 0 1 0 1 1 1 1 1 Border Disp.--NYT/Disputes 87  
mint   817   812 19660101 19731231  173   81 1 6 5 3 4 9 9 9 999 999 3 9 0 9 1 9 1 9 1 0 9 0 1 1 3 1 1 Counter Insur.-Karnow/PPap     
mint   800   812 19651130 19741231  174   84 1 2 5 4 4 9 9 9 999 999 0 9 0 1 0 9 9 0 1 0 9 9 1 1 3 1 1 C-Insurg-Jesssup/Zacher/SLPD   
mint     2   812 19640430 19731231  175   84 1 2 9 9 4 9 9 9 999 999 0 1 0 1 0 9 9 9 1 0 0 9 0 1 3 5 1 Counter-Insurg.-As.Sch./Karnow 
mint     2   812 19650131 19731231  176   81 1 6 5 1 4 9 9 9 999 999 0 1 0 9 1 9 1 9 1 0 0 1 0 1 3 5 1 Attack HCM Trail--FoF          
mint     2   812 19610420 19621005  177   84 2 1 2 1 2 9 9 0 999 999 0 9 0 1 0 0 9 0 1 0 0 9 0 9 1 5 1 Advis.Combat--FoF/NYT          
mint   816   812 19640430 19750501  178   84 3 1 5 4 3 0 9 9 998 999 3 1 9 1 0 0 0 9 1 0 9 1 1 1 2 1 1 Civil War--Singer-Small/Zacher 
mint   816   812 19750501 19881231  179   85 2 1 3 4 9 0 9 0 999 999 3 1 9 0 1 9 0 9 1 0 9 1 1 0 2 1 1 Defend Govt.--For. Aff./NYT    
mint   800   812 19800615 19820630  180   80 1 3 9 9 0 5 1 1   1   3 0 1 0 9 1 0 9 9 9 0 2 0 1 1 2 1 1 Mekong Disp-Disp 87/Keesings   
mint   812   800 19800615 19820630  181   80 1 3 9 9 0 5 1 1   3   1 0 1 0 9 1 0 9 9 9 0 1 0 1 1 1 1 1 Mekong Disp-Disp 87/Keesings   
mint     2   800 19620512 19621130  182   84 1 5 3 2 9 2 2 0   0   0 0 0 1 9 1 0 1 9 1 0 0 9 0 0 4 5 1 Deter Lao Crossing--FoF        
mint   750   781 19881103 19881231  183   86 1 2 5 2 2 4 1 9   0  54 0 9 9 1 0 9 0 9 1 9 0 9 0 0 3 4 1 Foil Coup--NYT/For.Aff.        
mint   355   350 19520727 19520807  184    4 1 3 5 1 9 2 1 9 999   4 3 9 0 9 1 9 0 1 9 0 2 9 1 2 4 1 1 Bul-Gr Is.-NYT/Keesings        
mint   750   780 19870730 19881231  185   87 1 1 5 4 3 9 9 9 998 998 3 9 9 1 0 1 9 9 1 9 0 9 2 2 3 4 1 Tamil Rebel.--For.Aff./NYT     
mint   365   712 19661231 19881231  189   91 1 5 3 4 9 0 9 9 999 999 2 9 1 0 1 0 0 9 1 0 1 9 1 1 5 5 1 Deter PRC--Kaplan/NYT          
mint   710   790 19600628 19610328  190   92 1 6 5 2 9 0 9 9 999   1 0 9 0 0 1 9 1 9 9 0 9 9 1 1 3 4 1 Nepal Border--NYT/Keesings     
mint   750   790 19510224 19511231  191   93 1 2 4 9 9 0 9 9 999 999 0 9 0 1 0 0 0 9 1 9 9 9 1 1 3 3 1 Nepal Rebel.--NYT/Rose&Scholz  
mint   750   709 19481231 19501231  192   94 2 1 3 1 9 0 9 0 999 999 0 0 9 9 1 0 9 1 9 0 9 1 1 1 3 3 1 Protect Trade Rts.--NYT        
mint     2   740 19530216 19530216  193   95 2 5 0 0 3 9 9 0   0   0 2 9 1 0 1 0 0 9 1 0 9 1 0 0 4 5 3 Attack USSR planes--NYT/Kees.  
mint   200   935 19800730 19800818  194   96 2 2 3 1 2 2 9 0   0   0 1 0 0 1 0 9 0 9 9 9 9 1 0 0 3 4 1 Anti-Rebel.--FoF/Keesings      
mint   220   935 19800730 19800818  195   96 2 2 3 1 2 9 9 0   0   0 1 0 0 1 0 1 0 9 1 1 9 1 0 0 3 4 1 Anti-Rebell/Evac-FoF/Keesings  
mint   910   935 19800818 19801121  196   96 3 2 4 1 2 9 9 0   0   2 3 0 0 1 0 9 0 9 1 9 9 9 0 0 3 1 1 Relieve UK/FR-FoF/NYT/Kees     
mint   750   770 19711030 19721220  199   98 1 4 5 4 4 5 2 1 998 998 3 1 0 1 0 1 9 1 1 1 1 0 1 1 4 4 3 Bangla D.-Jackson/Butter./MEPD 
mint   770   750 19711030 19721220  200   98 1 3 5 4 4 9 9 1 998 998 3 1 0 0 1 9 9 9 1 0 1 0 1 1 2 3 4 Bangla D.-Jackson/Butter./MEPD 
mint   200   770 19711210 19711212  201   98 1 0 0 0 1 0 9 0   0   0 1 0 1 0 0 9 0 9 9 1 0 9 0 0 4 4 3 Bangla D.--Jackson             
mint   770   750 19710430 19711110  202   98 1 6 5 1 9 9 9 1  35   8 3 1 0 0 1 0 1 9 1 0 9 0 1 1 3 3 4 Chase rebels--NYT              
mint   750   770 19840630 19871231  204   97 1 3 3 1 9 0 9 1 999 150 3 1 0 9 1 9 0 9 9 0 2 9 1 1 1 4 3 Kshmr Glacier-Disp.87/Keesings 
mint   750   754 19471027 19471028  205   97 1 2 5 2 4 0 9 0 999 999 3 0 1 1 0 9 0 1 1 9 1 9 1 1 1 3 1 Kashmir Ceded--Disputes 87/NYT 
mint   770   750 19480515 19490131  206   97 1 3 5 2 9 0 9 9 999 999 3 9 0 1 0 1 0 1 1 9 2 9 1 1 1 2 3 Kashmir--Disputes 82/NYT       
mint   750   770 19480821 19490131  207   97 1 3 9 9 4 0 9 9 999 999 3 9 0 0 1 0 1 9 1 0 1 0 1 1 3 3 2 Kashmir--NYT                   
mint   770   750 19650409 19650630  208   97 1 3 5 2 4 9 9 1  34  56 3 1 0 0 1 0 0 9 9 0 2 0 1 1 3 3 4 Rann of K.--NYT/MEPD/FoF/Kees  
mint   750   770 19650409 19660225  209   97 1 3 5 2 4 9 9 1  56  34 3 1 0 0 1 0 0 9 9 0 1 0 1 1 4 4 3 Rann of K.--NYT/MEPD/FoF/Kees  
mint   750   770 19650816 19650906  109   97 1 3 4 2 9 0 9 9 999 999 3 1 0 0 1 0 1 1 1 0 1 9 1 1 4 4 3 Kashmir-Disp.82/MEPD/Kees      
mint   770   750 19650808 19660225  186   97 1 3 5 2 4 0 9 1 998 998 3 1 0 9 1 9 0 1 1 0 2 9 1 1 3 3 4 Kashmir-Dsp82/MEPD/Ks/EncyWar  
mint   750   770 19650906 19660225  672   97 1 3 5 4 4 9 9 9 998 998 3 1 0 9 1 0 9 1 1 0 1 9 1 1 4 4 3 Ind-Pak War-Disp82/MEPD/Kees   
mint     1   750 19490101 19881231  210   97 4 0 2 1 2 0 9 0   0   0 0 0 1 0 1 9 0 0 0 1 1 9 9 0 3 9 3 UNMOGIP-Riggs&P/Butter/Wainhse 
mint     1   770 19490101 19881231  211   97 4 0 2 1 2 0 9 0   0   0 0 0 1 0 1 9 0 0 0 1 1 9 9 0 3 9 2 UNMOGIP-Riggs&P/Butter/Wainhse 
mint     1   770 19651031 19660228  212   97 4 0 2 1 2 9 9 0   0   0 0 1 1 0 1 9 0 0 0 1 9 9 9 9 4 9 3 UNIPOM--Wainhouse/Riggs&Plano  
mint     1   750 19651031 19660228  213   97 4 0 2 1 2 9 9 0   0   0 0 1 1 0 1 9 0 0 0 1 9 9 9 9 3 9 4 UNIPOM--Wainhouse/Riggs&Plano  
mint   770   750 19810711 19810714  214   97 1 3 9 9 9 9 9 1  15   4 3 1 0 9 1 9 0 1 9 9 2 9 1 1 2 3 4 Kashmir Line--Jessup/NYT       
mint   750   770 19810711 19810714  215   97 1 3 9 9 9 9 9 1   4  15 3 1 0 9 1 9 0 1 9 9 1 9 1 1 1 4 3 Kashmir Line--Jessup/NYT       
mint   770   700 19490612 19490612  216   99 1 6 0 0 4 0 9 9 999  41 0 9 0 9 1 0 1 9 9 0 1 9 1 1 3 2 1 Tribal Disp.--Disp. 82/NYT     
mint   700   770 19830919 19881231  217   47 1 6 9 9 4 0 9 1 999 250 0 1 0 9 1 0 1 9 1 0 9 0 1 1 1 1 3 Afgh. Insurg.--WSJ/Keesings    
mint     1   700 19880516 19881231  218   47 4 0 2 1 9 0 9 0   0   0 0 0 1 0 1 0 0 0 0 1 0 9 9 9 2 9 1 Obs. Accords--NYT              
mint     1   770 19880516 19881231  219   47 4 0 2 1 9 0 9 0   0   0 0 1 1 0 1 0 0 0 0 1 0 9 9 9 1 9 3 Obs. Accords--NYT              
mint   750   710 19620604 19621020  220  100 1 3 5 1 2 0 9 9   5   2 0 9 0 0 1 9 0 9 1 0 2 9 1 1 2 4 4 Forward Ind. Posts-Maxwell     
mint   710   750 19621020 19621121  222  100 3 3 5 4 0 0 9 9 998 998 0 9 0 0 1 9 9 9 1 0 2 1 1 1 3 4 4 Ch-In Border-NYT/Dsp82/Mxwl/Ks 
mint     2   750 19621122 19621231  223  100 1 1 0 0 2 0 9 0   0   0 0 0 0 0 1 0 0 0 1 9 0 9 0 0 3 5 4 Transport Planes--NYT          
mint   750   710 19650921 19690427  224  100 2 3 5 2 9 0 9 1 300 600 0 1 0 0 1 9 0 9 1 0 2 1 1 1 2 4 4 Disp. Territory--NYT/Keesings  
mint   710   750 19650921 19690427  225  100 1 3 5 2 9 0 9 1 600 300 0 1 0 0 1 9 9 9 1 0 2 1 1 1 3 4 4 Disp. Territory--NYT/Keesings  
mint   710   750 19751020 19751104  226  100 1 3 5 1 9 0 9 0   0   4 0 1 0 9 1 9 9 9 9 0 2 9 1 1 2 4 4 Border Clash--NYT              
mint   750   761 19490608 19501231  229  101 1 2 4 9 9 0 9 0 999 999 0 0 0 1 0 9 0 9 1 9 9 9 1 1 3 3 1 Quell Rebel.-Maxwell/LTimes    
mint     2   800 19660831 19760720  203  102 1 1 9 9 2 9 9 0 999 999 0 9 1 1 0 0 9 9 1 0 0 1 0 0 4 5 1 Counter-Insurg.--NYT           
mint   800   811 19770228 19781231  230   62 1 3 9 9 4 9 9 1 999 999 0 9 0 9 1 0 9 9 1 0 1 9 1 1 2 1 1 Border Shelling--NYT           
mint   200   800 19620525 19621130  231   84 1 5 0 0 3 0 9 0 999 999 0 0 1 9 1 0 9 9 1 0 9 9 0 0 4 4 1 Border Deterrence--NYT         
mint   900   800 19620530 19621130  232   84 1 5 0 0 3 0 9 0 999 999 0 0 1 9 1 0 9 9 1 0 9 9 0 0 4 3 1 Border Deterrence--NYT         
mint   920   800 19620630 19621130  233   84 1 5 4 1 2 0 9 0 999 999 0 0 1 9 1 0 9 9 1 0 9 9 0 0 4 2 1 Border Deterrence--NYT         
mint   820   800 19770114 19810331  234   77 1 2 5 2 4 0 9 9  13 119 0 1 1 1 0 0 1 9 1 0 9 9 1 1 1 1 1 Joint C-Insur--NYT/Kees./FoF   
mint   800   820 19770114 19810331  235   77 1 2 5 2 3 0 9 9  31 119 0 1 1 1 0 0 1 9 1 0 9 9 1 1 1 1 1 Joint C-Insur--NYT/Kees./FoF   
mint   713   710 19580903 19790131  236   67 1 3 9 9 9 9 9 1 999 999 3 1 0 0 1 0 0 0 1 0 1 1 2 2 5 1 4 Taiwan Str. Counter-Shell/NYT  
mint     2   713 19550130 19550211  237   67 1 1 0 0 3 4 2 9   0   0 0 9 1 0 1 0 0 9 1 9 9 0 0 0 4 5 1 Evacuation Cover--Stolper      
mint     2   710 19550130 19550211  238   67 1 3 0 0 4 9 9 0 999 999 0 1 0 0 1 0 0 9 1 9 9 9 0 0 5 5 4 Evacuation Cover--Stolper      
mint   710   816 19840501 19881231  239   68 1 3 5 9 9 4 2 9   1  79 2 1 0 0 1 0 0 1 1 0 2 0 0 0 2 4 1 Spratly Is-CSM/Disp87/Keesings 
mint   820   816 19840904 19841003  240   68 1 3 3 1 0 4 1 0   0   0 0 9 0 0 1 0 0 1 1 0 2 0 0 0 2 1 1 Spratly Is.-Disp87/Keesings    
mint     2   811 19750515 19750516  241  104 1 3 5 1 4 4 2 9  65 999 0 1 0 0 1 0 0 9 9 1 0 1 0 1 2 5 1 Mayaguez Rescue--NYT           
mint     2   800 19750514 19750515  242  104 1 5 2 2 2 9 9 0   0   0 0 1 1 0 0 0 0 9 9 1 0 1 0 0 4 5 1 Mayaguez Rescue--NYT           
mint   816   710 19870106 19870110  243   64 1 3 5 2 9 0 9 1 998 500 0 1 0 0 1 0 0 0 1 0 1 9 1 1 3 1 4 Border Clashes--Disputes 87    
mint   710   816 19870106 19870110  244   64 1 3 5 2 9 0 9 1 500 998 2 1 0 0 1 9 0 0 1 0 1 9 1 1 2 4 1 Border Clashes--Disputes 87    
mint     2   817 19610531 19650307  245   81 1 2 5 4 3 9 9 9 100 998 0 9 0 1 0 0 0 9 1 0 0 9 0 0 1 5 1 Anti-Insurg.--Karnow/PPap      
mint   816   817 19640430 19750501  246   81 1 4 5 4 9 9 9 9 998 998 3 9 0 1 0 9 0 9 1 0 1 0 1 1 1 1 1 Insurgency--Karnow             
mint     2   816 19640804 19750501  247   81 1 3 0 0 4 5 2 1 998 998 0 1 0 0 1 0 1 9 1 0 0 0 0 1 2 5 1 Air War--Lessons/PPapers       
mint   817   816 19640730 19651231  248   81 1 3 9 9 4 5 9 1 999 999 3 9 0 0 1 0 1 9 1 0 1 1 1 1 2 1 1 Boat&Bomb Raids--PPap/NYT      
mint     2   817 19650308 19730329  249   81 3 2 5 4 4 5 2 1 998 998 0 1 0 1 0 9 0 9 1 0 0 1 0 0 1 5 1 Ground Troops-PPap/NYT/WSJ     
mint   920   817 19650715 19720630  250   81 1 2 5 1 0 9 9 1 998 998 0 0 0 1 0 0 0 9 1 0 0 0 0 0 1 2 1 VN War-NYT/Bowman/Stanton      
mint   900   817 19650601 19720312  251   81 1 2 5 2 9 9 9 9 998 998 0 0 0 1 0 0 0 9 1 0 0 0 0 0 1 3 1 VN War-NYT/Bowman/Stanton      
mint   840   817 19660916 19700115  252   81 1 2 5 2 9 9 9 9 999 999 0 9 0 1 0 0 0 9 1 0 9 0 0 0 1 2 1 VN War-NYT/Bowman/Stanton      
mint   732   817 19660815 19730323  253   81 1 2 5 4 9 9 9 9 998 998 0 0 0 1 0 0 0 9 1 0 0 0 0 0 1 1 1 VN War-NYT/Bowman/Stanton      
mint   800   817 19660723 19720331  254   81 1 2 5 2 9 9 9 9 350 998 0 9 0 1 0 9 9 9 1 0 9 0 1 1 1 1 1 VN War-NYT/Bowman/Stanton      
mint   710   816 19840401 19850731  255   64 1 3 5 2 9 0 9 1 280  24 2 1 0 0 1 9 9 9 1 0 1 9 1 1 2 4 1 Border Clashes-NYT/Keesings    
mint   220   812 19460317 19460930  256  105 1 3 5 9 9 9 9 9 999 999 1 0 0 0 1 0 1 1 1 0 1 9 0 1 3 4 1 Take Colong-Adams/Champassak   
mint   220   800 19460930 19461231  257  105 1 6 4 9 9 9 9 9 999 999 0 0 0 9 1 0 1 9 1 0 9 9 1 1 3 4 1 Lao Rebel-Adams/Champassak     
mint   220   710 19460305 19460331  258  106 1 1 4 9 9 9 9 9 999 999 1 0 0 9 1 9 9 1 1 0 1 9 1 1 1 4 4 Take Admin.--Viet Backgrnd     
mint   710   816 19641231 19711231  259   81 1 5 3 9 9 9 9 9 998 999 2 9 9 9 1 9 0 9 1 9 9 9 1 1 2 4 1 Assist Defense--NYT            
mint    40    42 19590623 19590623  260  107 1 3 5 1 0 0 9 9   0 999 3 9 1 1 0 9 0 9 1 9 9 0 2 2 4 2 1 Officer Leads Invas-NYT/Bethel 
mint   560   235 19681231 19751023  261  108 1 1 4 1 3 9 9 9 999 999 0 9 1 1 0 9 9 9 1 9 9 0 1 1 4 3 1 Angola--Marcum/Hallett         
mint   560   235 19750630 19751110  262  108 1 6 5 1 2 5 9 1 999 999 0 1 9 9 1 0 1 1 1 0 9 9 1 1 4 3 1 Occupy-Legum/AR/ARB/Hallett    
mint   560   540 19751110 19760327  263  108 3 3 5 2 2 5 9 1  43 999 0 0 0 1 0 9 1 1 1 9 9 0 1 1 2 3 1 Angola Civil War-Legum/ACR     
mint   438   540 19751131 19760331  264  108 1 1 4 1 9 9 9 0   0 999 0 0 9 1 0 9 0 0 1 9 0 9 0 9 2 1 1 Angola Token Force-Legum       
mint    40   235 19750601 19751110  265  108 1 4 5 2 9 2 1 9 999 999 0 0 0 1 0 9 0 0 1 9 0 0 0 1 4 3 1 MPLA-Legm/LeoGrande/Lago/Kapln 
mint    40   540 19751110 19881231  266  108 3 1 5 4 2 9 9 9   5 998 0 0 9 1 0 9 0 0 1 9 0 9 0 1 2 3 1 Civ.War-Kaplan/Legum/LeoG/Lago 
mint   560   540 19760505 19791231  267  108 1 6 5 2 4 9 9 1 400 998 0 1 0 1 0 0 1 1 1 0 1 1 1 1 2 3 1 Anti-SWAPO/Pro-UNITA-LT/NYT    
mint   365   540 19751110 19881231  268  108 1 1 9 1 2 9 9 0  21 998 0 0 9 1 0 9 0 9 1 9 0 9 0 9 2 5 1 Transport/Adv.-Klinghoffer/NYT 
mint   490   235 19750331 19751110  269  108 1 4 5 2 0 0 9 9 999 999 0 9 0 1 0 9 1 1 1 0 9 9 1 1 4 1 1 Pro-FNLA-Hallett/Legum/LeoG    
mint   560   540 19800630 19880831  270  108 3 6 5 2 4 9 9 9 237 998 0 1 0 1 0 9 1 1 1 0 1 1 1 1 2 3 1 Anti-SWAPO-LTimes/NYT/ARB      
mint   490   540 19750815 19760624  271  108 2 4 5 2 0 0 9 9 999 999 0 0 9 1 0 9 1 1 1 0 9 9 1 1 2 1 1 Ang-Kapln/Klnghof/LeoG/ACR/NYT 
mint    40   490 19760115 19760115  272  108 1 6 0 0 4 0 9 9 999 999 0 9 0 0 1 0 1 0 1 0 0 0 0 1 1 3 1 Bomb Town--ARB                 
mint   560   570 19821208 19821231  273  109 1 6 5 1 2 0 9 9   4  42 3 9 9 9 1 0 1 9 1 0 9 9 1 1 3 3 1 ANC--ARB/SLPD                  
mint   560   571 19810131 19880630  274  109 1 6 5 1 4 0 9 9 999  19 3 9 9 0 1 0 1 9 1 9 9 9 1 1 3 3 1 ANC/Ang.-ARB/FAf/NYT           
mint   438   434 19770119 19770228  275  110 1 1 4 1 9 9 9 9   0   0 3 9 1 1 0 9 0 9 9 9 0 9 0 0 3 1 1 Mercenary Raid--ARB/ACR        
mint   552   571 19750831 19801231  277  112 1 6 5 1 4 0 9 1   1   1 3 0 0 0 1 0 1 9 1 0 9 0 1 1 3 1 1 Disrupt Opponents--ARB/NYT     
mint   571   560 19791231 19821231  278  109 1 3 0 0 0 0 9 1 999 999 3 9 0 1 0 9 0 1 1 9 9 9 1 1 1 1 3 Border Shooting-ARB/ACR/LTimes 
mint   552   541 19821130 19881231  279  113 1 5 5 4 4 0 9 9 100 200 0 0 1 1 0 9 0 1 1 9 0 9 1 1 2 1 1 SAf/CivWar-SLPD/NYT/FoF/Brn/Ks 
mint   560   541 19810130 19810131  280  109 1 6 5 1 9 0 9 0   1  13 0 9 0 0 1 0 1 9 9 0 0 0 1 1 2 3 1 Raid ANC--ARB/NYT/FAf/AR/ACR   
mint   560   541 19830131 19831031  281  109 1 6 5 1 4 9 9 0 999  35 0 1 0 0 1 0 1 9 9 0 0 0 1 1 2 3 1 Raid ANC--ARB/NYT/SLPD/AR/ACR  
mint   560   551 19760630 19800430  282  109 1 6 4 1 4 0 9 9 999   4 3 9 0 9 1 0 1 9 1 0 9 0 1 1 3 3 1 Invade W. Zam.-SLPD/ARB        
mint   560   551 19860519 19860519  283  109 1 6 5 1 4 0 9 0   0  13 0 1 0 0 1 0 1 9 9 0 0 0 1 1 3 3 1 Bomb Lusaka-SLPD/NYT/FoF/ARB   
mint   560   552 19860519 19860519  284  109 1 6 5 1 2 0 9 9   0   0 3 1 0 0 1 0 1 9 1 0 0 0 1 1 3 3 1 Punitive Raid--NYT             
mint   516   510 19730315 19730714  285  114 1 6 5 1 4 0 9 9  14  84 0 9 1 0 1 0 1 9 9 0 9 0 1 1 3 1 1 Border Raids--ACR/ARB/NYT      
mint   510   516 19730712 19730714  286  114 1 3 5 9 9 0 9 1 999  14 0 9 1 9 1 1 0 1 9 1 9 9 1 1 3 1 1 Counter-Attack--ARB/NYT        
mint   490   516 19720504 19720520  287  114 1 1 4 1 9 0 9 9 999 999 3 9 1 1 0 9 1 9 9 9 9 9 1 1 3 1 1 Hutu Uprising--ARB/ACR         
mint   220   471 19600106 19601231  288  115 3 1 5 1 2 9 9 0 999 999 1 0 1 1 0 0 0 9 1 0 0 9 0 9 1 4 1 Anti-Rebel--NYT/LeVine         
mint   220   482 19671110 99999999  289  116 1 1 4 1 2 0 9 0   0 999 1 0 1 1 0 9 0 1 1 9 0 9 0 0 1 4 1 Protect Bokassa-ARB/NYT/Kalck  
mint   220   481 19640218 19651231  290  117 1 1 5 1 4 4 9 9   6  25 1 0 1 1 0 9 0 1 1 9 0 9 0 1 1 4 1 Abort Coup/G.Army-NYT/G.Hist   
mint   220   482 19790920 19810921  291  118 1 1 4 2 2 0 9 0 999 999 1 1 1 1 0 9 0 1 1 9 0 9 0 1 1 4 1 Oppose Libya in CAR-ARB/NYT    
mint   490   482 19790122 19790430  292  118 1 1 5 1 9 0 9 0 999  12 0 9 1 1 0 9 9 9 1 0 9 9 1 1 1 1 1 Student Rebel.--ACR            
mint   429   483 19800331 19801231  293  119 4 0 3 1 2 0 9 0   0   0 0 0 1 0 1 9 0 0 0 1 0 0 9 0 3 9 1 OAU Peacekeeping Fails-Wiseman 
mint   475   483 19790331 19791231  294  119 1 0 3 1 2 0 9 0 999 999 0 0 1 0 1 9 0 0 9 1 0 0 1 1 3 2 1 Neutral Peacekeeping-Wiseman   
mint   429   483 19811130 19820630  295  119 4 0 4 2 2 0 9 0 999   0 0 1 1 0 1 9 0 0 0 1 0 0 9 1 3 9 1 Peacekeep--Wiseman/Pittman     
mint   220   483 19600811 19651031  296  119 2 1 4 9 9 0 9 0 999 999 1 0 1 1 0 9 0 9 1 0 0 9 0 0 1 4 1 Admin. North--Pittman          
mint   220   483 19680831 19751028  297  119 1 1 5 2 2 0 9 0  50 200 1 1 1 1 0 9 0 9 1 9 0 9 0 9 1 4 1 Back Govt.-Pittman/ARB/NYT     
mint   620   483 19730630 19881231  298  120 1 3 3 9 9 0 9 9 999 999 0 9 1 9 1 9 0 1 1 9 2 0 1 1 1 1 1 Aouzou Strip--Pittman          
mint   620   483 19790531 19811130  299  120 2 4 5 3 9 0 9 9 999 999 0 1 0 1 0 9 9 1 1 0 1 1 1 1 3 1 1 Invasion-Pittman/USDS-GIST     
mint   620   483 19830731 19870831  300  119 2 4 5 2 4 0 9 9 999 999 0 1 0 1 0 9 9 9 1 0 1 1 1 1 1 1 1 Support Goukhouni--ARB         
mint   220   483 19830731 19841110  301  119 1 1 4 2 3 0 9 0 999 999 1 1 1 1 0 9 0 9 1 0 0 9 0 9 1 4 1 Support Habre--ARB             
mint   490   483 19830731 19841110  302  119 1 1 5 2 3 0 9 0 999 999 0 9 1 1 0 9 9 9 1 0 0 0 0 0 1 1 1 Support Habre--ARB             
mint   475   483 19830418 19830531  303  121 1 3 5 1 4 2 2 1   9 300 0 1 1 9 1 9 9 9 9 0 2 0 1 1 1 2 1 Island Clash-ARB/Disputes 87   
mint     2   483 19830731 19830815  304  119 1 1 9 9 2 0 9 0   0 999 0 0 0 1 0 9 0 0 1 0 0 0 0 0 1 5 1 Trans. Zairians--ARB           
mint   220   483 19860216 19870831  305  119 1 1 4 2 4 0 9 0 999 999 1 1 9 1 0 9 0 9 1 0 0 9 0 1 1 4 1 Oppose Libyans--ARB/NYT        
mint   220   483 19780421 19800518  306  119 3 2 4 2 3 0 9 0   3 999 1 1 1 1 0 9 0 9 1 1 0 1 0 1 1 4 1 Oppose Rebel/Evac.-NYT/ARB     
mint   220   483 19770731 19770731  307  119 1 1 0 0 2 0 9 0   0 999 1 1 1 1 0 9 0 9 1 0 0 9 0 1 1 4 1 Transport Chad Troops-NYT      
mint   220   484 19630814 19630817  308  122 3 2 3 2 2 0 9 0   0   0 1 9 1 1 0 9 0 1 9 9 0 1 0 1 3 4 1 Riot Control-Corbett/NYT/FoF   
mint   235   433 19611228 19731231  309  123 1 6 5 1 4 9 9 1 999  58 0 1 0 0 1 0 1 0 1 0 9 0 1 1 3 1 1 Guin-B Rev-AHBk/ACR/ARB/NYT/AC 
mint   438   451 19710329 19730622  310  124 1 1 3 1 2 0 9 9 999 999 0 9 1 1 0 9 9 9 9 9 9 9 1 1 3 1 1 Protect President-AC/ACR/ARB   
mint   230   411 19690303 19690331  311  125 1 3 9 9 0 1 1 0   0   0 1 9 1 9 0 9 0 9 0 1 0 1 0 0 3 3 1 Evac. from Disturbances--ARB   
mint   481   411 19720823 19721113  312  126 1 3 9 9 0 2 1 9 999 999 0 0 1 9 1 0 9 1 0 0 2 0 1 1 3 1 1 Claim Islands--ARB/ACR/LeM     
mint   600   411 19790831 19791231  313  127 1 1 4 1 2 0 9 0   0   1 0 0 1 1 0 0 0 0 1 0 0 0 0 0 3 1 1 Patrol/Execute Ex-Pres--ARB    
mint   520   530 19770717 19780331  314  128 1 3 5 4 4 0 9 9 998 998 0 1 1 9 1 9 9 9 1 0 1 0 1 1 2 1 1 Invade Ogaden-Jessup/NYT/ACR   
mint    40   530 19771031 19840630  315  128 1 1 5 4 5 9 9 0 999 998 0 0 0 9 1 0 0 0 1 9 0 0 0 0 2 3 1 Eth. Wars-Kapln-Legum/FAf/NYT  
mint     2   625 19850322 19850323  316  129 1 5 0 0 1 0 9 0   0   0 0 9 0 0 1 0 0 0 0 1 0 0 0 0 1 5 1 Airlift Falashas--NYT/FAf      
mint     2   481 19640412 19640413  317  117 1 0 0 0 1 0 9 0   0   0 0 0 0 0 1 9 0 0 0 1 0 1 0 0 1 5 1 Disturbances-Evac.-NYT         
mint   433   420 19710131 19710131  318  130 1 3 4 1 9 0 9 9 999 999 0 9 1 0 1 0 9 1 0 0 9 1 1 1 1 1 1 Retal./Smuggling--ARB          
mint   433   420 19740710 19740724  319  130 1 3 4 1 9 0 9 9 999 999 0 1 1 0 1 9 9 9 9 9 9 9 1 1 1 1 1 Take Prisoners--FoF/ARB        
mint   433   420 19801031 19801106  320  131 1 5 4 1 2 0 9 0   0   0 0 1 1 1 0 0 9 9 1 0 9 9 1 1 1 1 1 Anti-Libyan--ACR/NYT           
mint   433   420 19810731 19881231  321  131 1 1 5 2 2 2 9 9  36 400 0 1 1 1 0 0 0 9 1 0 9 9 1 1 1 1 1 Restore Gov/Confed-NYT/ACR/ARB 
mint     2   420 19810808 19810809  322  131 1 0 0 0 1 0 9 0   0   0 0 0 0 0 1 0 0 9 0 1 0 1 0 0 1 5 1 Abortive Coup/Evac--NYT        
mint   235   438 19701122 19701201  323  123 1 3 5 1 0 4 2 9  10 200 0 9 0 0 1 0 1 9 1 0 9 0 1 1 2 1 1 Guin-B.-NYT/ACR/LTms/AR        
mint   680   530 19771031 19780228  324  128 1 1 2 1 0 0 9 0 999 999 0 0 0 9 1 0 0 0 1 0 0 9 1 1 2 1 1 Somal War/Drivers-Kapln-Legum  
mint   365   530 19771231 19791231  325  128 1 1 2 1 3 9 9 9   1 998 0 0 9 9 1 0 0 0 1 9 0 9 0 1 2 5 1 Command/Copters-Kapln-Legum    
mint   220   437 19660320 19660430  326  132 2 1 4 9 9 0 9 0 999 999 1 9 1 0 1 0 0 0 1 0 0 9 0 0 1 4 1 Anti-Guin/Ghan-ARB/AR          
mint   438   437 19660424 19660425  327  132 1 3 9 9 0 0 9 1   1   1 3 9 1 0 1 0 0 0 9 9 9 9 1 1 1 1 1 Border Tension--ARB/AR         
mint   200   501 19640124 19731231  328  133 1 1 5 1 2 0 9 0 999 999 1 0 1 1 0 9 0 9 1 9 0 9 0 0 1 4 1 Army Mutiny/AF Command-NYT     
mint   200   500 19640123 19640731  329  133 1 1 4 1 2 0 9 0   0   0 1 0 1 1 0 9 9 9 1 9 0 9 0 1 1 4 1 E.Afr Disorder-NYT/Keesings    
mint   200   510 19640125 19640401  330  133 1 1 4 2 3 4 1 1   0  12 1 0 1 1 0 9 9 9 1 9 0 9 0 1 3 4 1 E.Afr Disorder-NYT/Keesings    
mint   500   501 19760401 19760430  331  134 1 3 5 1 0 0 9 9 999 999 3 9 1 9 1 9 9 1 9 0 1 9 1 1 1 1 1 Cattle Raid--ARB/NYT           
mint   500   501 19871119 19881231  332  135 1 6 5 1 9 2 1 1  14   7 3 1 1 9 1 9 1 1 9 0 9 1 1 1 3 1 1 Border Cross-NYT/LTms/FAf/ARB  
mint   560   572 19851231 19861231  333  109 1 6 4 1 9 0 9 9 999 999 3 9 1 0 1 9 1 9 1 0 9 9 1 1 1 3 1 Raids-ANC/Renamo-SLPD/NYT      
mint     2   450 19470429 19471231  334  136 1 2 4 1 2 0 9 0 999 999 0 9 9 9 1 0 0 9 0 1 0 1 0 0 1 5 1 Protect Garrison-FoF/NYT       
mint   438   450 19790414 19791231  335  137 1 1 3 1 2 0 9 0   0 999 0 9 1 1 0 0 0 9 9 9 9 1 1 1 3 1 1 Anti-Riot--ARB                 
mint   432   439 19741125 19750624  336  138 1 3 5 1 9 9 9 1 999   4 3 9 1 0 1 1 0 1 0 0 2 0 1 1 1 1 1 Border--Disputes 82/NYT/ARB    
mint   432   439 19851225 19851231  337  138 1 3 5 1 4 0 9 9   1  41 3 1 1 0 1 1 0 1 0 0 2 0 1 1 3 1 1 Border-Disp87/FAf/NYT/SLPD     
mint   439   432 19851226 19851231  338  138 1 3 9 9 4 0 9 9  41   1 3 9 1 0 1 9 9 1 0 0 2 0 1 1 3 1 1 Border-Disp87/FAf/NYT/SLPD     
mint   651   475 19670831 19700115  339  139 1 1 0 0 4 0 9 0 999  10 3 0 0 1 0 0 0 0 1 9 0 9 0 0 3 3 2 Biafra-DeJorse/Butterworth     
mint   552   541 19760222 19791022  340  112 1 6 5 1 4 0 9 1  34 998 0 9 0 9 1 0 1 1 1 0 9 0 1 1 2 1 1 Zim. Revol (Moz)-NYT/ARB/Kees  
mint   551   552 19770519 19770831  341  112 1 3 9 9 0 0 9 1 999   3 3 9 0 9 1 9 9 9 1 9 9 9 1 1 1 1 1 Retal. for Raids/Mines-NYT/AR  
mint   560   541 19870529 19870529  342  109 1 6 5 1 0 2 1 9   1   3 0 1 1 9 1 9 1 9 1 0 0 0 1 1 3 3 1 Anti-ANC Raid--SLPD/NYT        
mint   433   235 19720530 19720531  343  123 1 3 5 9 9 0 9 9 999  12 0 0 0 9 1 0 9 9 1 9 9 9 1 1 4 1 1 Retal. Guin-B--AR/ACR/ARB      
mint   220   433 19691210 19691231  344  123 2 1 2 9 9 0 9 0 999 999 1 9 1 0 1 9 0 9 1 9 0 9 0 0 1 4 1 Log.Suppt.Offensive-ACR/ARB    
mint   220   520 19760204 19760204  345  111 1 6 0 0 0 0 9 1   1  12 0 9 0 0 1 0 1 0 9 1 1 9 1 1 2 4 1 Anti-Terror/Djib.-ACR/NYT/ARB  
mint   500   510 19710824 19711021  346  140 1 3 5 1 4 0 9 1   3   7 3 9 1 0 1 0 1 9 9 1 9 1 1 1 2 1 1 Uga-Tan Border--ARB/NYT        
mint   200   501 19820228 99999999  347  141 1 1 4 1 2 9 9 0 999 999 1 1 1 9 1 0 0 1 1 0 0 9 0 0 1 4 1 Anti-Poaching--NYT             
mint   530   520 19770901 19781231  348  128 1 3 0 0 4 0 9 9 999 999 0 1 1 0 1 0 1 9 1 0 1 1 1 1 3 1 1 Attack Base/Planes--NYT        
mint   530   520 19820702 19851231  349  128 1 3 4 1 4 0 9 1 999 999 0 1 1 1 0 9 9 9 1 0 1 9 1 1 1 1 1 Border Insurg.-NYT/Jessup/Ltms 
mint   530   520 19640116 19640530  350  128 1 6 5 9 4 0 9 9 109 376 0 9 1 0 1 0 1 9 1 0 1 9 1 1 3 1 1 Border Clashes-AD/ARB/NYT/Kees 
mint   520   530 19640228 19640530  351  128 1 3 5 1 9 0 9 9 376 109 0 9 1 1 0 1 0 1 1 0 1 0 1 1 1 1 1 Som Irredentism-NYT/Keesings   
mint   560   552 19850630 19850630  352  109 1 6 5 1 9 0 9 0 999  12 3 9 0 0 1 0 1 9 1 0 0 0 1 1 3 3 1 Raid ANC--SLPD                 
mint     2   511 19640112 19640114  353  133 1 0 0 0 0 1 1 9   0   0 0 0 0 9 1 9 0 9 9 1 0 1 0 9 3 5 1 Evac. Personnel-FoF            
mint   200   511 19640112 19640125  354  133 1 9 3 1 9 2 1 9 999 999 1 9 9 9 1 1 9 9 9 1 0 1 0 9 3 4 1 Protect Citizens--NYT          
mint   429   510 19640331 19640922  355  133 4 1 3 1 2 9 9 0 999 999 0 0 1 9 1 0 0 0 9 1 0 1 9 0 3 9 1 Nig/OAU-FoF/NYT/AfD/ARB/Ks/LTm 
mint   235   510 19720414 19731231  356  142 1 6 9 9 4 0 9 9   1   3 0 1 0 0 1 0 1 9 1 0 9 1 1 1 2 1 1 Attack Frelimo-ARB/ACR/LTms/AR 
mint   510   500 19710827 19711021  357  140 1 3 9 9 9 0 9 1 999   9 3 9 1 9 1 9 0 9 1 9 9 1 1 1 3 1 1 Border Exchanges--ARB          
mint   500   510 19720917 19720931  358  140 1 3 0 0 4 0 9 9 999  39 3 1 1 0 1 0 1 9 1 0 9 9 1 1 3 1 1 Bomb/Rebel Incurs--ARB         
mint   620   500 19720922 19720931  359  140 1 1 4 1 2 0 9 0   0 999 0 0 1 1 0 9 0 0 1 0 0 0 0 0 3 1 1 Support Amin--ARB/Jessup       
mint   235   510 19661130 19670418  360  142 1 6 5 1 9 0 9 9 999   4 0 0 0 0 1 0 1 9 1 0 9 9 1 1 2 1 1 Incursions--ARB                
mint   625   500 19650917 19711216  361  143 1 6 5 9 4 0 9 1 999 999 3 9 1 9 1 0 1 9 9 0 1 9 1 1 3 1 1 Pursue Rebels-Butterworth/ARB  
mint   666   500 19760704 19760704  362  144 1 6 5 1 2 0 9 0   5   4 3 0 9 0 1 0 1 0 9 1 0 0 0 0 3 3 1 Entebbe Raid--Ofer/Stevenson   
mint   500   510 19781009 19781231  363  140 1 6 5 2 4 0 9 1 998 373 3 1 1 0 1 0 1 1 1 0 1 0 1 1 3 1 1 Incurs/Annex-NYT/ARB/ACR/A/H/S 
mint   510   500 19781009 19811231  364  140 1 3 5 4 4 0 9 1 373 998 3 1 1 1 0 9 9 1 1 9 1 0 1 1 3 1 1 Crush Amin-Jessup/NYT/A/H/S    
mint   620   500 19790309 19790406  365  140 1 1 9 9 4 0 9 0 600 999 0 1 1 9 1 9 0 0 1 0 0 9 0 0 3 1 1 Oppose Tanz.--NYT/A/H          
mint   620   510 19790330 19790405  366  140 1 3 0 0 4 0 9 9   0   1 0 0 1 0 1 0 9 0 1 0 0 9 0 1 3 1 1 Ug. War Bombing-NYT            
mint   500   490 19650215 19650531  367  145 1 3 5 1 9 0 9 1   1   1 0 9 1 9 1 9 0 9 1 0 9 9 1 1 1 1 1 Anti-Tshombe Reb-AR/NYT/FoF    
mint   490   500 19650216 19650531  368  145 1 3 5 1 9 0 9 1   1   1 0 9 1 0 1 0 1 9 1 0 9 9 1 1 3 1 1 Anti-Tshombe Reb-AR/NYT/FoF    
mint   510   541 19761231 19791231  369  112 1 1 3 2 9 0 9 9 999 999 0 9 1 1 9 0 9 9 1 9 0 0 1 1 2 1 1 Anti-Reb (Moz)--A-H/Kees/ACR   
mint   541   510 19781131 19791231  370  140 1 1 4 1 9 0 9 0 999 999 0 0 1 0 1 0 0 9 1 9 0 0 1 1 3 1 1 Oppose Amin--A/H               
mint   220   230 19580224 19580530  371  146 1 2 5 1 9 0 9 9 999 999 0 9 9 1 0 0 9 9 1 0 9 9 1 1 1 4 3 Defend Sp.Sah/Maur.-NYT        
mint   600   435 19770718 19790810  372  146 1 2 5 3 2 0 9 9 999 999 3 9 1 1 0 9 1 1 1 0 1 9 0 0 1 1 1 Anti-Polisario-ACR/MacF        
mint   220   435 19771212 19800530  373  146 1 2 9 9 4 0 9 0 999 999 1 9 1 1 0 9 9 9 1 1 9 9 0 1 1 4 1 Polis.-WldAlm/T&A/NYT/Hgs/Kees 
mint   435   230 19751210 19760226  374  146 1 2 5 9 9 0 9 9  50  80 0 0 9 9 1 9 1 1 1 0 2 0 1 1 1 1 3 Annex/Anti-Polis.-NYT/ARB/ACR  
mint   220   600 19761231 19781231  375  146 1 2 9 9 4 0 9 0 999 999 1 9 1 1 0 9 9 9 1 0 9 9 0 9 3 4 1 Anti-Polisario-NYT/ACR         
mint   615   230 19760122 19760226  376  146 1 4 5 1 3 0 0 9 200  40 0 9 0 1 0 9 0 1 1 0 2 0 1 1 1 1 3 Pro-Polisario--NYT/FoF         
mint   600   230 19750701 19760226  377  146 1 2 5 9 4 0 0 9  40 200 3 9 9 1 0 9 0 1 1 0 2 0 1 1 1 1 3 Annex/Polisr-NYT/ARB/FoF/Kees  
mint   600   435 19811019 19811231  378  146 1 6 0 0 4 0 9 0 999 999 3 1 1 9 1 0 1 1 1 0 1 1 1 1 3 1 1 Hot Pursuit--NYT               
mint   600   615 19840614 19840614  379  146 1 3 5 1 0 0 9 9   4 999 3 1 1 0 1 9 9 9 9 0 9 9 1 1 3 1 1 Border Incurs--NYT             
mint     1   490 19600716 19640630  380  145 4 0 5 4 2 2 2 0 126 206 0 0 1 9 1 1 0 0 1 1 9 1 9 0 3 9 1 Peacekeep-Lefever/Wainhse/NYT  
mint   211   490 19600710 19610630  381  145 1 4 5 3 4 0 9 0  56 999 1 0 0 1 0 1 9 1 1 1 1 1 1 1 3 3 1 Pro-Katanga-Lefev/Zacher/NYT   
mint     2   490 19640814 19650815  382  145 1 1 4 9 2 9 9 0   1 999 0 1 0 1 0 9 0 9 1 1 0 9 0 0 1 5 1 Anti-rebel.-NYT                
mint   200   490 19641124 19641130  383  145 1 1 4 1 9 2 9 0 999 999 0 1 0 9 1 9 0 9 9 1 0 9 0 0 1 4 1 Free Hostages-Butterworth/NYT  
mint   211   490 19641124 19641130  384  145 1 1 3 1 9 2 9 0 999 999 1 1 0 9 1 9 9 9 9 1 9 9 0 0 1 3 1 Free Hostages-Butterworth/NYT  
mint     2   490 19670710 19671210  385  145 1 1 9 9 2 0 9 0   0 999 0 1 0 1 0 9 0 9 1 9 0 9 0 0 1 5 1 Trans. Zaire Army--NYT         
mint     2   517 19671107 19671209  386  145 1 6 0 0 1 0 9 9   0 999 0 0 0 9 1 0 0 9 1 1 0 1 0 1 1 5 1 Evac. Mercenaries-NYT/FoF      
mint   235   490 19641231 19641231  387  108 1 6 5 9 4 0 9 9 999 999 0 9 0 0 1 0 1 9 1 0 9 9 1 1 1 1 1 Anti-Ang.Rebel-ARB             
mint   530   490 19670718 19671231  388  145 1 1 0 0 3 0 9 0 999 999 0 1 1 1 0 9 0 9 1 0 0 0 0 0 1 1 1 Assist Anti-rebel-ARB/AR       
mint   220   490 19770416 19770531  389  147 1 1 0 0 2 0 9 0 999 999 0 0 0 1 0 9 0 1 1 0 0 9 0 9 1 4 1 Shaba I-ARB/NYT/Keesings       
mint   600   490 19770408 19770531  390  147 1 1 5 2 2 0 9 0 999 999 0 1 1 1 0 9 0 9 1 0 0 0 0 0 1 1 1 Shaba I--NYT/ARB               
mint   433   490 19770425 19770531  391  147 1 1 4 1 0 0 9 0 999 999 0 0 1 1 0 9 0 9 1 0 0 0 0 0 1 1 1 Shaba I--Nsweek                
mint   500   490 19770430 19770531  392  147 1 1 4 1 2 0 9 0 999 999 0 0 1 1 0 9 0 9 1 0 9 0 1 1 1 1 1 Shaba I--ARB/LTimes            
mint   211   490 19780518 19780710  393  147 1 2 4 2 2 0 9 0 999 999 1 1 9 1 0 1 0 1 9 1 9 9 0 0 1 3 1 Shaba II--NYT                  
mint     2   490 19780519 19790831  394  147 1 1 9 9 2 0 9 0 999 999 0 1 0 1 0 1 0 1 1 1 0 9 0 0 1 5 1 Shaba II--NYT/ACR              
mint   220   490 19780519 19780616  395  147 1 2 5 1 2 0 9 0  13 300 0 1 0 1 0 1 0 1 1 1 0 9 0 0 1 4 1 ShabaII-NYT/ACR/Keesings       
mint   600   490 19780603 19790831  396  147 1 1 4 2 0 0 9 0 999 999 0 1 1 1 0 1 0 9 1 1 0 9 0 0 1 1 1 Shaba II-NYT/ACR/ARB           
mint   211   490 19790207 19790814  397  147 1 2 4 1 2 0 9 0 999 999 1 1 9 9 1 1 0 1 9 1 9 9 0 0 1 2 1 Shaba II-WashPost/Keesings     
mint   200   490 19780531 19780531  398  147 1 2 0 0 1 0 9 0 999   0 0 1 0 9 1 9 0 9 9 1 0 9 0 0 1 4 1 Evac.Foreigners--ARB           
mint   433   490 19780607 19790814  399  147 1 1 4 1 0 0 9 0 999 999 0 1 1 1 0 1 0 9 1 1 0 9 0 0 1 1 1 Replace French/Bel--ARB        
mint   461   490 19780631 19780720  400  147 1 1 4 1 9 0 9 0 999 999 0 0 1 1 0 1 0 9 1 1 0 9 0 0 1 1 1 Replace French/Bel--ARB        
mint   481   490 19780607 19790814  401  147 1 1 4 1 0 0 9 0 999 999 0 0 1 1 0 1 0 9 1 1 0 9 0 0 1 1 1 Replace French/Bel--ARB        
mint   235   551 19660531 19720831  402  108 1 6 4 1 4 0 9 1   4  29 0 9 0 9 1 0 1 9 1 0 9 9 1 1 3 1 1 Ang/MozRebel-Ptman/NYT/ARB/ACR 
mint   552   551 19770431 19801231  403  112 1 3 5 1 4 0 9 1   1 998 3 9 0 9 1 0 1 1 1 0 9 9 1 1 3 1 1 Anti-Rebel-NYT/ACR/ARB/AR/Kees 
mint   560   551 19870425 19870425  404  109 1 6 5 1 2 0 9 0   0   5 3 1 0 9 1 0 1 9 1 0 9 9 1 1 3 3 1 Anti-ANC/Zam.-NYT/FAf          
mint   200   551 19651203 19660430  405  148 1 1 3 1 2 0 9 0   0   0 1 9 1 0 1 0 0 1 1 0 0 0 0 9 3 4 1 Protect from Rhod-- FoF/NYT    
mint   560   200 19791212 19800228  406  112 2 2 3 2 9 0 9 0 999 999 3 1 9 1 0 1 9 9 1 9 9 9 1 1 4 3 4 Troops in Zim-Rhod.--ARB       
mint   560   552 19820815 19820822  407  112 1 3 5 1 9 0 9 9   3 999 3 1 0 9 1 9 1 9 9 9 0 1 1 1 2 3 1 Sabotage Raids--ARB/NYT        
mint   560   552 19760131 19791212  408  112 1 1 4 2 9 0 9 9 999 999 3 9 9 1 0 1 9 1 1 9 9 9 1 1 1 3 1 Smith Regime--NYT/ARB/Kees/FoF 
mint    93    91 19801231 19810505  409   27 1 6 3 1 9 9 9 1 999 999 3 1 9 0 1 0 1 9 1 0 9 0 1 1 4 1 1 Contra War--Keesings           
mint    91    93 19801231 19811114  410   27 1 3 9 9 9 9 9 1 999   1 3 9 9 1 0 9 0 9 1 0 9 0 1 1 2 1 1 Border/Contras--Kees./NYT      
mint    91    93 19850913 19850930  411   27 1 3 9 9 4 0 9 9 999 999 3 1 9 1 0 9 0 9 1 0 9 0 1 1 2 1 1 Down Copter--FoF               
mint   130   135 19530229 19530229  412   34 1 9 3 1 0 9 9 0   0   0 3 1 1 0 1 9 0 9 0 0 2 0 1 1 4 1 1 Insp. Border Markers--NYT      
mint     2   100 19480412 19480412  413  149 1 0 0 0 1 0 9 0   0   0 0 0 1 9 0 0 0 9 0 1 0 9 0 9 4 5 1 Evac. Women--NYT               
mint    40   145 19671231 19671231  414  150 1 3 5 1 9 9 9 0  12 999 3 9 0 1 0 9 0 9 1 9 0 0 0 0 4 3 1 Che G. Guerrillas--NYT/Kees.   
mint   700   770 19790719 19790719  415   47 1 6 9 9 9 0 9 1   0  20 0 9 0 0 1 0 1 9 1 0 9 9 1 1 1 1 3 Fire on Refugees--Ltms/DTel    
mint   900   935 19800818 19801121  416   96 1 2 9 9 2 9 9 0   0   2 3 0 9 1 0 9 0 9 9 9 9 9 0 0 3 3 1 Support P.N.G. Forces-Kees.    
mint   560   541 19841231 19850919  417  109 1 4 9 9 9 2 1 9   0 999 0 1 1 1 0 9 9 9 1 0 9 0 1 1 2 3 1 Transport Rebels--NYT          
mint   490   551 19820228 19820830  418  151 1 3 5 9 9 0 9 1 999 999 0 9 1 9 1 9 9 1 9 9 1 9 1 1 3 1 1 Zam-Zre Border-Disp87/ACR/ARB  
mint   552   571 19831108 19831221  419  112 1 6 5 1 0 0 9 9   1 999 3 1 1 0 1 0 1 9 1 0 0 9 1 1 1 1 1 Hot Pursuit Rebels-ARB         
mint    40    41 19590815 19590906  420  152 1 3 4 1 0 0 9 9  26 999 0 0 1 1 0 9 0 9 9 0 0 0 2 2 4 2 1 Raiding Party--FoF/NYT         
mint   651   666 19480515 19490224  421  153 1 3 5 4 4 5 9 1 998 998 3 0 0 1 0 1 0 9 1 9 2 9 1 1 3 2 2 Pales.War-Khouri/Disp82/FoF/Ks 
mint   663   666 19480515 19490403  422  153 1 3 5 3 9 9 9 1 998 998 3 0 0 1 0 1 0 9 1 9 2 9 1 1 3 1 2 Pales-Khouri/Disp82/Gldsch/FoF 
mint   645   666 19480515 19490107  423  153 1 3 5 2 9 9 9 9 999 998 3 0 0 1 0 1 0 9 1 9 2 9 0 0 3 1 2 Pales. War--Khouri/Disp82      
mint   652   666 19480515 19490720  424  153 1 3 5 2 9 9 9 9 999 998 3 0 0 1 0 1 0 9 1 9 2 9 1 1 3 1 2 Pales. War--Khouri/Disp82      
mint   660   666 19480515 19490323  425  153 1 3 5 2 9 9 9 9 999 998 3 0 0 1 0 1 0 9 1 9 2 9 1 1 3 1 2 Pales. War--Khouri/Disp82      
mint   670   666 19480515 19490107  426  153 1 3 5 1 9 9 9 9 999 998 3 0 0 1 0 1 0 9 1 9 2 9 2 2 3 1 2 Pales. War--Khouri/Disp82      
mint   678   666 19480515 19490107  427  153 1 3 5 1 9 9 9 9 999 998 3 0 0 1 0 1 0 9 1 9 2 9 0 0 3 1 2 Pales. War--Khouri/Disp82      
mint   666   651 19481228 19490107  428  153 1 3 5 4 4 9 9 9 998 998 3 9 0 0 1 0 9 9 1 9 2 9 1 1 1 2 2 Pales. War--Khouri/Disp82      
mint   200   663 19480515 19570707  429  153 2 1 5 2 3 9 9 9 999 998 1 9 1 9 1 9 9 9 1 0 1 1 0 1 1 4 1 Pal.War-Khouri/Keesngs/NYT/FoF 
mint   625   651 19480515 19551231  430  153 2 1 5 1 0 0 9 9 999 998 3 9 1 0 1 0 0 9 1 9 0 9 1 1 1 1 2 Army Command--Khouri           
mint   666   660 19480523 19490731  431  153 1 3 5 9 9 9 9 9 999 999 3 0 0 9 1 9 1 1 1 0 2 9 1 1 1 2 1 Pales. War--Khouri             
mint   666   663 19500907 19881231  432  153 1 3 4 1 9 0 9 9   6 999 3 1 0 9 1 0 9 1 9 0 2 9 1 1 1 2 1 Occup. Territ.--NYT/FoF/Khouri 
mint   666   652 19480525 19490720  433  153 1 3 5 9 4 9 9 9 999 998 3 0 0 0 1 0 9 9 1 0 2 9 1 1 3 2 1 Pales. War--NYT                
mint   666   663 19480515 19490403  434  153 1 3 9 9 4 9 9 9 999 999 3 0 0 9 1 0 9 9 1 0 2 9 1 1 1 2 1 Pales. War--NYT/Jessup         
mint     1   660 19480531 19881231  435  153 4 0 2 1 2 9 9 0  21   0 0 0 1 0 1 0 0 0 9 1 0 9 9 0 1 9 1 UNTSO-Wainhse/Butterw/R-P/UN   
mint     1   663 19480531 19881231  436  153 4 0 2 1 2 9 9 0  21   0 0 0 0 0 1 0 0 0 9 1 0 9 9 0 1 9 1 UNTSO-Wainhse/Butterw/R-P/UN   
mint     1   651 19480531 19881231  437  153 4 0 2 1 2 9 9 0  21   0 0 0 1 0 1 0 0 0 9 1 0 9 9 0 1 9 2 UNTSO-Wainhse/Butterw/R-P/UN   
mint     1   652 19480531 19881231  438  153 4 0 2 1 2 9 9 0  21   0 0 0 1 0 1 0 0 0 9 1 0 9 9 0 3 9 1 UNTSO-Wainhse/Butterw/R-P/UN   
mint     1   666 19480531 19881231  439  153 4 0 2 1 2 9 9 0  21   0 1 0 9 0 1 0 0 0 9 1 0 9 9 0 3 9 2 UNTSO-Wainhse/Butterw/R-P/UN   
mint   666   651 19561029 19570331  440  154 1 3 5 4 4 5 2 9 998 998 3 1 0 9 1 0 1 1 1 0 9 9 1 1 3 2 2 Suez-Khouri/FoF/Kees/Dupuy     
mint   200   651 19561031 19561106  441  154 1 3 5 4 4 2 2 1 112 998 2 9 0 9 1 0 9 1 1 0 9 1 0 0 3 4 2 Suez-Khr/FoF/Ks/F-P/Lld/Dpy    
mint   220   651 19561031 19561106  442  154 1 3 5 4 4 2 2 1  43 998 2 9 0 9 1 0 9 1 1 0 9 1 0 0 3 4 2 Suez-Khouri/FoF/Ks/Flck-Pwll   
mint   666   663 19530518 19541231  443  153 1 3 5 1 9 0 9 1   3  67 3 1 0 9 1 0 1 9 9 0 1 9 1 1 1 2 1 Retal Raids-Khouri/Jessup/NYT  
mint   666   651 19540404 19560831  444  154 1 3 5 2 9 0 9 1  27 327 3 1 0 9 1 0 1 9 1 0 1 9 1 1 3 2 2 Gaza/Raids-Khri/NYT/FoF/Jssp   
mint   666   652 19540316 19551211  445  153 1 3 5 9 9 9 9 9   6  63 3 1 0 0 1 0 9 1 1 0 1 9 1 1 3 2 1 Retal Raid-Khouri/NYT/FoF      
mint   651   666 19540325 19560430  446  154 1 3 4 9 0 0 9 1 258  22 3 1 0 9 1 9 0 9 1 9 1 9 1 1 1 2 2 DMZ/Gaza Skirmishes-Khouri/NYT 
mint     1   651 19561115 19670519  447  154 4 0 2 3 2 2 2 0   0   0 0 1 1 0 1 0 0 0 9 1 0 0 9 0 3 9 2 UNEF-Butterw/Riggs-P/Khouri    
mint   652   666 19620308 19621204  448  153 1 3 0 0 0 0 9 1  30   5 3 1 0 0 1 9 0 1 9 0 2 9 1 1 1 1 3 Shelling--Khouri/NYT           
mint   666   652 19620316 19621231  449  153 1 3 5 9 4 9 9 1   5  30 3 1 0 0 1 0 9 1 9 0 1 9 1 1 2 3 1 Attack Villages-Khouri/NYT     
mint   652   666 19540316 19551211  450  153 1 3 0 0 0 9 9 1  63   6 3 1 0 0 1 9 0 1 9 0 2 9 1 1 1 1 2 Gal. Attacks-Khouri/NYT/FoF    
mint   652   666 19641113 19670407  451  153 1 3 9 9 4 0 9 1   2   4 3 1 0 0 1 9 0 1 1 0 2 9 1 1 1 1 3 Water/Fatah/Galilee-Khouri/NYT 
mint   666   652 19641113 19670407  452  153 1 3 9 9 4 0 9 1   4   2 3 1 0 0 1 0 1 1 1 0 1 9 1 1 2 3 1 Water/Fatah/Galilee-Khouri/NYT 
mint   666   663 19650527 19661113  453  153 1 3 5 9 9 0 9 9  11  84 3 1 0 9 1 0 1 9 1 0 1 9 1 1 1 3 1 Retal. Fatah--Khouri           
mint   666   660 19651028 19651103  454  153 1 6 5 9 0 0 9 9 999   1 3 1 0 9 1 0 1 9 1 0 1 9 1 1 1 3 1 Fatah--Khouri/NYT              
mint     2   666 19561031 19561103  455  154 1 0 0 0 1 1 2 0   0   0 0 9 0 0 1 9 0 0 0 1 0 9 0 0 1 5 2 Sinai Evac.--NYT               
mint     2   663 19561031 19561103  456  154 1 0 0 0 1 0 9 0   0   0 0 9 9 0 1 9 0 0 0 1 0 9 0 0 1 5 1 Sinai Evac.--NYT               
mint     2   651 19561102 19561103  457  154 1 0 0 0 0 1 1 0   0   0 0 9 0 0 1 9 0 0 0 1 0 9 0 0 3 5 2 Sinai Evac.--NYT               
mint   666   651 19670605 19671031  458  153 1 3 5 4 4 5 2 1 998 998 3 1 0 0 1 0 1 9 1 0 1 9 1 1 3 3 3 Six Day War-Khouri/Moore/Kees. 
mint   666   652 19670605 19670611  459  153 1 3 5 4 4 9 9 9 421 998 3 1 0 0 1 0 9 9 1 0 1 9 1 1 2 3 1 Six Day War-Khouri/Moore/Kees. 
mint   666   663 19670605 19680108  460  153 1 3 5 4 4 9 9 1 998 998 3 1 0 9 1 0 1 9 1 0 1 9 1 1 1 3 1 Six Day War-Khouri/Jessup      
mint   666   645 19670605 19670611  461  153 1 3 0 0 4 0 9 0 999 999 3 9 0 0 1 0 0 9 1 0 1 9 0 0 2 3 1 Six Day War-Khouri/Moore/Kees. 
mint   365   651 19670731 19671031  462  153 1 1 0 0 9 4 2 0   0   0 0 0 9 0 1 0 0 9 1 0 0 9 0 0 2 5 3 Deterrence--Khouri/Kaplan      
mint   652   666 19670605 19670606  463  153 1 3 5 1 4 0 9 1 998 421 3 1 0 9 1 0 0 9 1 9 1 1 1 1 1 1 3 Six Day War--Safran            
mint   663   666 19670605 19670606  464  153 1 3 9 0 4 0 9 1 998 998 3 1 0 9 1 0 0 9 1 9 1 1 1 1 1 1 3 Six Day War--Safran            
mint   645   666 19670606 19670606  465  153 1 3 0 0 4 0 9 0 999 999 3 1 0 9 1 0 0 9 1 0 0 0 0 0 1 1 3 Six Day War--Safran            
mint   651   666 19691231 19700831  466  153 1 3 0 0 4 9 9 1 999 999 3 1 0 0 1 9 0 1 1 0 2 9 1 1 1 3 3 War of Attrition--Khouri       
mint   666   651 19690909 19700831  467  153 1 3 9 9 4 2 9 1 999 999 3 1 0 0 1 0 9 9 1 0 1 1 1 1 2 3 3 War Attrition--Khouri/Jessup   
mint   365   651 19700331 10720718  468  153 1 1 9 9 4 9 9 0 999 999 0 1 0 0 1 0 0 9 1 9 0 9 0 0 2 5 3 Canal-Khri/Kap/Laqr/Glsm/Rbnst 
mint   651   666 19731006 19740118  469  153 1 3 5 4 4 5 2 1 998 998 3 1 0 9 1 9 0 1 1 0 2 0 1 1 1 3 3 1973War-Monroe-Hockley/Whetten 
mint   652   666 19731006 19740531  470  153 1 3 5 4 4 9 9 1 998 998 3 1 0 9 1 9 0 1 1 0 2 0 1 1 1 1 3 1973War-Butterw/Whet/Jessup    
mint   663   652 19731006 19731025  471  153 1 5 4 3 9 0 9 9 999 998 3 1 1 0 1 0 0 9 1 0 9 9 1 1 2 1 1 1973 War--Whetten              
mint   666   651 19731014 19740118  472  153 1 3 5 4 4 5 9 9 998 998 3 1 0 0 1 0 0 1 1 0 1 1 1 1 3 3 3 1973 War--Whetten/Jessup       
mint   666   652 19731010 19740623  473  153 1 3 5 9 4 5 9 1 998 998 3 1 0 0 1 0 0 9 1 0 1 1 1 1 2 3 1 1973 War--Monroe-Hockley       
mint   600   652 19730430 19731025  474  153 1 5 5 2 9 9 9 0 999 998 3 0 1 0 1 0 0 0 1 0 0 9 0 0 2 1 1 1973 War-Whetten/Kaplan        
mint   645   652 19731010 19731025  475  153 1 5 5 4 9 0 9 0   1 998 3 1 1 0 1 0 0 9 1 0 0 9 1 1 2 1 1 1973 War--Whetten              
mint   670   652 19731014 19761104  476  153 1 5 5 2 9 9 9 0 999 998 3 9 1 0 1 0 0 9 1 0 0 9 0 0 2 1 1 1973 War-Whetten/NYT/Kees/FoF  
mint   690   652 19731011 19731025  477  153 1 5 5 1 9 0 9 0 999 998 3 9 1 0 1 0 0 9 1 0 0 9 0 0 2 1 1 1973 War--Whetten              
mint   616   651 19731018 19731025  478  153 1 5 4 1 9 0 9 0   0 998 3 9 1 0 1 0 0 0 1 0 0 9 0 0 2 1 1 1973 War--Whetten              
mint   615   651 19731011 19731025  479  153 1 5 4 1 3 0 9 0   0 998 3 1 1 0 1 0 0 0 1 0 0 9 0 0 2 1 1 1973 War--Whetten              
mint   625   651 19731011 19731025  480  153 1 5 4 1 9 0 9 0   0 998 3 1 1 0 1 0 0 0 1 0 0 9 0 0 2 1 1 1973 War--Whetten              
mint   731   651 19731006 19731025  481  153 2 5 0 0 4 0 9 0   0 998 0 9 9 0 1 0 0 9 1 0 0 9 0 0 3 1 3 1973 War--Whetten              
mint   645   651 19731011 19731025  482  153 1 5 0 0 3 0 9 0   0 998 3 1 1 0 1 0 0 9 1 0 0 9 0 0 3 1 3 1973 War--Aker                 
mint   690   651 19731006 19731025  483  153 2 5 4 1 0 0 9 0 998 998 3 9 1 0 1 0 0 9 1 0 0 9 0 0 3 1 3 1973 War--Aker                 
mint   620   651 19731006 19731025  484  153 2 5 4 1 4 0 9 0 999 998 3 9 1 0 1 0 0 9 1 0 0 9 1 0 3 1 3 1973 War--Aker                 
mint   600   651 19731008 19731025  485  153 1 5 4 2 9 0 9 0   0 998 3 9 1 0 1 0 0 9 1 0 0 9 0 0 3 1 3 1973 War--Aker/Whetten         
mint     1   651 19731026 19790724  486  153 4 0 2 3 2 9 9 0 999 999 0 1 1 0 1 0 0 0 9 1 0 9 9 0 3 9 3 UNEF II-Riggs-P/UNYRBK/Blue Hl 
mint     1   666 19731026 19790724  487  153 4 0 2 3 2 9 9 0 999 999 1 1 1 0 1 0 0 0 9 1 0 9 9 0 1 9 3 UNEF II-Riggs-P/UNYRBK/Blue Hl 
mint     1   652 19740531 19881231  488  153 4 0 2 2 9 9 9 0   5 999 0 1 1 0 1 0 0 0 9 1 0 9 9 0 2 9 1 UNDOF--Riggs-Plano             
mint   653   651 19820310 19881231  489  153 4 0 3 2 2 9 9 0 999 999 0 1 1 0 1 0 0 0 9 1 0 9 9 0 3 5 3 US Led MNF in Sinai-Riggs-P    
mint   200   698 19520831 19720112  491  155 2 1 5 1 9 9 9 0 999 999 2 9 1 9 1 9 9 1 1 0 1 9 0 9 1 4 1 Buraimi Oasis-Butterw/NYT/D82  
mint   600   615 19631014 19640717  492  156 1 3 5 2 4 0 9 1  10 310 3 9 1 0 1 9 0 1 9 0 2 1 1 1 3 1 1 Border-NYT/Kees/Hasna/Butterw  
mint   615   600 19631017 19640717  493  156 1 3 5 9 9 0 9 1 310  10 3 9 1 0 1 9 0 1 9 0 2 1 1 1 1 1 1 Border-NYT/FoF/Ks/Hasna/Btrw   
mint   620   651 19770716 19770724  494  157 1 3 9 9 4 0 9 1   3   9 3 1 1 9 1 0 9 9 1 0 9 0 1 1 1 1 3 Lib-Egy Raids--NYT             
mint   651   620 19770720 19770724  495  157 1 3 5 9 4 0 9 1   9   3 3 9 1 9 1 0 9 9 1 0 9 9 1 1 2 3 1 Lib-Egy Raids--NYT             
mint     2   651 19840817 19841231  496  158 1 1 0 0 3 3 1 0 999   0 0 1 0 9 1 0 0 1 9 1 0 1 0 0 1 5 3 Red Sea Mines--NYT/Kees/Qndt   
mint   200   651 19840814 19841231  497  158 1 1 0 0 9 3 2 0 999   0 2 1 9 9 1 0 0 1 9 1 0 1 0 0 1 4 3 Red Sea Mine Clear--NYT        
mint   220   651 19840814 19841231  498  158 1 1 0 0 9 3 1 0 999   0 2 1 9 9 1 0 0 1 9 1 0 1 0 0 1 4 3 Red Sea Mine Clear--NYT        
mint     2   670 19840815 19841231  499  158 1 1 0 0 3 9 9 0 999   0 0 1 9 9 1 0 9 1 9 1 0 1 0 0 1 5 1 Red Sea Mine Clear--NYT        
mint   365   680 19840819 19841231  500  158 1 1 0 0 3 3 2 0 999   0 0 9 1 9 1 0 0 9 9 1 0 1 0 0 2 5 1 Red Sea Mine Clear--NYT        
mint   365   630 19460119 19460509  501  159 2 4 4 4 9 0 9 0 999 999 2 0 9 1 0 1 0 1 1 0 9 9 1 1 1 5 1 Azerbaijan-Butterw/Heravi/Kapl 
mint   200   645 19460718 19471026  502  160 1 5 4 2 2 4 1 0   0 999 2 0 1 9 9 9 9 1 1 0 9 9 0 0 1 4 1 Iran Strike-NYT/Btrw/Ks/Fof    
mint   645   640 19650728 19650728  503  161 1 6 0 0 4 0 9 9 999  11 3 1 0 9 1 0 1 1 1 0 1 9 1 1 4 1 2 Kurdish War--NYT               
mint   645   630 19660102 19660131  504  161 1 6 9 9 9 0 9 1 999 999 0 9 0 9 1 0 1 1 1 0 1 9 1 1 4 1 1 Kurdish War--NYT/FoF           
mint   645   630 19720411 19740831  505  162 1 3 5 1 9 9 9 1  60 126 0 1 0 9 1 9 9 9 1 0 1 1 1 1 4 1 1 Shatt-NYT/Abdulghani/Keesings  
mint   630   645 19720411 19740831  506  162 1 3 9 9 9 9 9 1 126  60 0 1 0 1 0 9 9 9 1 0 1 1 1 1 2 1 1 Shatt/Kurd-NYT/Abdlgni/MEPD/Ks 
mint   645   630 19790606 19790607  507  161 1 6 0 0 4 0 9 9 999  50 0 1 0 9 1 0 1 1 1 0 1 9 1 1 3 1 1 Kurdish War--NYT/Keesings      
mint   645   630 19800922 19880820  508  162 1 3 5 4 4 5 2 1 998 998 0 1 0 9 1 9 9 1 1 0 1 9 1 1 3 1 1 GulfWar-D82/87/FAf/GIST/S-K/Gs 
mint   630   645 19820713 19880820  509  162 1 3 5 4 4 5 2 1 998 998 0 1 0 9 1 9 9 1 1 0 1 9 1 1 3 1 1 Gulf-Disp82/87/FAf/Jesp/GIST   
mint   630   690 19801112 19880820  510  162 1 3 0 0 4 5 2 1 999 999 0 0 0 0 1 0 9 1 1 0 9 1 2 2 3 1 1 Gulf War-WSJ/CQ                
mint     2   630 19800425 19800425  511  163 1 3 4 1 3 9 9 9  12 999 0 9 0 0 1 0 0 0 9 1 0 1 0 0 3 5 1 Hostage Crisis--NYT            
mint     1   630 19880810 19881231  512  162 4 0 2 1 2 9 9 0 999   0 0 0 1 0 1 0 0 0 9 1 0 0 9 0 3 9 1 Peace Observation--FoF/NYT     
mint     1   645 19880810 19881231  513  162 4 0 2 1 2 9 9 0 999 999 0 0 1 0 1 0 0 0 9 1 0 0 9 0 3 9 1 Peace Observation--FoF/NYT     
mint   630   645 19800904 19820713  514  162 1 3 9 9 4 9 9 1 999 999 0 1 0 9 1 9 9 9 1 0 1 1 1 1 3 1 1 Shell and Retal.--NYT/Jessup   
mint   652   645 19630610 19631231  515  161 2 2 5 2 3 0 9 0 200 999 3 9 1 1 0 9 9 9 1 0 0 0 1 1 2 1 1 Kurdish War-O'Ballance/NYT     
mint   666   663 19680321 19701231  516  153 1 3 5 9 4 0 9 9 999 999 3 1 0 9 1 0 1 9 1 0 1 9 1 1 1 3 1 Raids/Shell-NYT/Jessup/Kees    
mint   645   663 19670531 19701031  517  153 1 5 4 4 0 0 9 0 999 999 3 1 1 9 1 0 0 9 1 0 2 0 1 1 1 1 1 Pre-War/Israel--Jessup/NYT     
mint   615   651 19670529 19671231  518  153 1 5 4 9 9 9 9 0 999 999 3 9 1 0 1 0 0 9 1 0 2 0 0 0 2 1 3 Pre-War/Israel--Jessup         
mint   625   651 19670605 19721007  519  153 1 5 4 1 9 0 9 0   0 999 3 9 1 0 1 0 0 9 1 0 2 9 1 1 2 1 3 Post67-Jessp/NYT/O'Bl/Ks/FoF   
mint   651   666 19670606 19670606  520  153 1 3 0 0 0 5 1 1 998 998 3 1 0 9 1 9 0 9 1 0 2 9 1 1 1 3 3 Subs Shell Coast--Jessup       
mint   365   652 19730430 19730630  522  153 1 1 9 9 9 2 1 0 999   0 0 9 1 0 1 0 0 0 1 0 0 9 0 0 2 5 1 Transport Mor. Troops--Kaplan  
mint   680   698 19731231 19760311  523  165 1 4 5 1 9 9 9 1 999 999 0 9 1 1 0 1 9 9 1 0 9 9 1 1 1 1 1 Dhofar Rebel.-Kaplan/Keesings  
mint   365   698 19731231 19731231  524  165 1 4 0 0 9 2 9 0 999 999 0 9 0 1 0 1 0 9 1 0 0 0 0 1 1 5 1 Transport S.Yem--Kaplan        
mint   200   690 19610701 19611019  525  164 1 1 4 3 3 4 2 0   0   0 2 0 1 0 1 0 0 1 1 0 1 9 0 9 1 4 1 Anti-Iraq-Jessup/Butterw/NYT   
mint   365   645 19731231 19750305  526  161 1 2 9 9 4 9 9 9 999 999 0 9 1 1 0 1 9 9 1 0 9 0 0 0 2 5 1 Kurdish War--Kaplan            
mint   666   660 19740412 19820605  527  153 1 6 5 4 4 5 1 1 523 998 3 1 0 9 1 9 1 9 1 0 1 9 1 1 1 3 1 PLO-Jsp/FAf/MPD/Pgny/Ks/FoF    
mint   666   645 19810607 19810607  528  153 1 3 0 0 4 0 9 0   0   1 3 1 0 0 1 0 0 0 1 0 1 1 0 0 3 3 1 Destroy Reactor--FAf/NYT/Perl  
mint   640   645 19830526 19871231  529  161 1 6 5 2 4 0 9 9 999 210 3 9 1 1 0 9 9 9 1 0 9 9 1 1 3 2 1 Kurd Rebel-NYT/FAf/FoF/WashP   
mint   652   660 19630831 19631108  530  166 1 3 5 1 9 0 9 9   1   4 3 9 1 9 1 9 1 9 1 0 9 0 1 1 1 1 1 Border Clashes--NYT/FoF        
mint   666   660 19690903 19710131  531  153 1 6 5 1 4 0 9 9   9  17 3 1 0 9 1 9 1 9 1 0 1 9 1 1 1 3 1 Retal. Raids--NYT/Jessup       
mint   652   666 19700201 19700626  532  153 1 3 5 9 4 0 9 1 999  11 3 1 0 0 1 9 0 9 1 0 2 9 1 1 1 1 3 Golan Clashes--Jessup/FoF      
mint   666   652 19700201 19701231  533  153 1 3 5 9 4 0 9 1  11 999 3 1 0 9 1 0 9 9 1 0 1 1 1 1 2 3 1 Golan Clashes--Jessup/Fof      
mint   770   663 19700416 99999999  534  153 1 1 4 2 9 0 9 0 999 999 3 9 1 9 1 9 0 9 1 9 0 9 0 0 1 3 1 Jor-PLO/Isr--Jessup/NYT/FoF    
mint   652   663 19700917 19700923  535  167 1 4 5 2 9 0 9 1  10 999 3 1 1 1 0 1 0 9 1 9 9 0 1 1 1 1 1 Pro-PLO--Jessup/NYT            
mint   652   663 19710713 19710814  536  167 1 4 0 0 0 0 9 1 999 999 3 1 1 1 0 1 0 9 1 9 9 0 1 1 1 1 1 Pro-PLO--Jessup/NYT            
mint   652   666 19510401 19510509  537  153 1 3 5 9 9 0 9 1 999   7 3 1 0 9 1 9 0 1 1 0 2 9 1 1 3 1 2 Huleh Drainage--NYT            
mint   666   652 19510406 19510509  538  153 1 3 9 9 4 0 9 1   7 999 3 1 0 0 1 0 9 1 1 0 1 1 1 1 3 2 1 Huleh Drainage--NYT            
mint   652   666 19570709 19580131  539  153 1 3 9 9 9 0 9 1 999  13 3 1 0 9 1 9 0 1 1 0 2 9 1 1 1 1 2 Huleh Drainage--NYT/LTimes     
mint   651   666 19580324 19581231  540  153 1 3 9 9 9 0 9 1   2   2 3 1 0 0 1 0 0 1 1 0 2 9 1 1 1 2 2 Huleh--NYT/LTimes/FoF          
mint   666   651 19580324 19581231  198  153 1 3 9 9 9 0 9 1   2   2 3 1 0 0 1 0 9 1 1 0 1 9 1 1 2 2 2 Huleh--NYT/LTimes/Fof          
mint   666   651 19600128 19601020  541  153 1 3 5 9 3 0 9 1  10   4 3 1 0 9 1 0 9 1 1 0 2 9 1 1 2 2 2 Syr DMZ-NYT/vHrn/Khri-MEJ/FoF  
mint   651   666 19600126 19601020  521  153 1 3 5 9 4 0 9 1   4  10 3 1 0 9 1 9 0 1 1 0 2 9 1 1 1 2 2 Syr DMZ-NYT/vHrn/Khri-MEJ/FoF  
mint   663   666 19540419 19551231  542  153 1 3 9 9 9 0 9 1 999 999 3 1 0 1 0 9 9 9 1 9 1 1 1 1 3 1 2 Border Firing--NYT             
mint   663   666 19630825 19630825  543  153 1 3 9 9 0 0 9 1   1   1 3 1 0 9 1 9 0 9 1 9 1 9 1 1 1 1 3 Jerus. Clash--NYT/FoF          
mint   666   663 19630825 19630825  544  153 1 3 9 9 0 0 9 1   1   1 3 1 0 9 1 0 9 9 1 9 1 9 1 1 1 3 1 Jerus. Clash--NYT/FoF          
mint   666   660 19820606 19850630  545  170 1 6 5 4 4 5 2 9 998 998 3 1 9 1 0 1 1 1 1 0 1 9 1 1 1 3 1 Leb Civ War-NYT/FAf/MEPD/FoF   
mint   666   660 19860102 19881231  546  153 1 4 5 4 4 5 2 1  30 120 3 1 0 1 0 1 1 9 1 9 1 9 1 1 9 3 1 Southern Zone--NYT             
mint   652   663 19570414 19570527  547  168 3 5 4 2 9 0 9 0 999 999 3 1 1 1 0 9 0 9 1 0 9 9 1 1 3 1 1 Nasserism--NYT                 
mint   670   663 19570417 99999999  548  168 2 1 4 9 9 0 9 0 999 999 3 9 1 1 0 9 0 9 1 0 0 9 1 0 1 1 1 Nasserism--NYT                 
mint   645   663 19570422 19580802  549  168 1 1 4 1 9 0 9 0 999 999 3 9 1 1 0 9 0 9 1 0 9 9 1 1 1 1 1 Nasserism/Leb.-NYT/Butterw     
mint   652   663 19561031 19570414  550  153 1 5 4 2 9 0 9 0 999 999 3 9 1 9 1 9 0 9 1 0 9 9 1 1 1 1 1 Suez Wartime--NYT              
mint     2   660 19570501 19570504  551  168 1 5 0 0 0 4 2 0   0   0 0 9 0 9 1 9 0 9 1 0 0 9 0 0 1 5 1 Jordan Crisis--NYT             
mint   200   663 19570717 19571029  552  168 1 1 4 9 2 0 9 0 999 999 2 1 9 1 0 9 0 9 1 0 0 9 0 0 1 4 1 Nasserism--Jessup              
mint   651   652 19570915 19580131  553  169 1 5 4 2 3 4 9 0   0   0 3 9 1 9 1 9 0 9 1 0 0 9 0 0 2 2 1 Tur-Syr-FoF/Ks/Ptran/MPD/NYT   
mint   666   663 19560704 19560831  554  153 1 6 5 9 9 0 9 1 999 999 3 1 0 9 1 0 1 9 1 0 1 9 1 1 3 2 1 Fedayeen Retal.-Khouri/Jessup  
mint   666   651 19500630 19501231  555  153 1 6 5 1 2 0 9 1 999 999 3 1 0 9 1 0 1 9 1 0 1 9 1 1 1 2 2 Gaza Raids--Khouri/NYT         
mint   666   663 19510523 19510630  556  153 1 3 5 1 0 0 9 9 999 999 3 1 0 9 1 0 9 9 1 0 1 9 1 1 1 2 1 Border Clashes-FoF/LTimes      
mint     2   660 19580715 19581024  557  170 1 5 4 4 3 2 2 0   2 999 0 1 0 1 0 9 0 1 1 0 0 9 0 0 1 5 1 Leb Civ War-Butterw/NYT/FoF    
mint     2   663 19580717 19580831  558  170 1 5 0 0 3 0 9 0   0   0 0 1 9 1 0 9 0 1 1 0 0 9 0 0 1 5 1 Air Cover UK--Butterw          
mint   200   663 19580717 19581103  559  170 1 1 4 2 3 9 9 0   0 999 2 1 9 1 0 9 0 1 1 0 0 9 0 0 1 4 1 Iraqi Rev.--Butterw            
mint   200   620 19580719 19581231  560  170 1 1 4 2 9 2 1 9 999 999 0 9 1 1 9 1 0 9 1 0 0 9 0 0 1 4 1 Nasserism/Iraq--NYT/FoF        
mint   663   652 19710812 19710814  561  167 1 3 9 9 9 0 9 1 999 999 3 1 1 0 1 0 9 9 1 0 0 9 1 1 2 1 1 PLO Conflict--NYT/Keesings     
mint   619   663 19700929 19711231  562  167 4 0 2 1 9 0 9 0 999 999 9 0 1 0 1 9 0 0 0 1 0 0 9 9 1 9 1 Arab League Obs-Butterw/NYT    
mint   670   690 19610701 19610910  563  164 1 1 4 1 2 0 9 0   0   0 3 0 9 0 1 0 0 1 1 0 9 9 1 1 1 1 1 Iraqi Threat--Butterw/Zacher   
mint   619   690 19610910 19630219  564  164 4 1 4 2 2 9 9 0   0   0 0 0 1 0 1 0 0 1 1 9 9 9 9 1 1 9 1 DeterIraq/UK-Hass./NYT/But./Z  
mint   670   690 19730330 99999999  565  164 1 1 4 4 9 9 9 0   0   0 3 1 1 9 1 0 0 1 1 0 9 9 1 1 3 1 1 Deter Iraq-Butterworth/Jessup  
mint   645   690 19750331 19770721  566  164 1 3 4 2 9 9 9 9 999 999 3 1 1 9 1 0 0 1 9 0 1 9 1 1 3 1 1 Border Disp.--Butterw/NYT      
mint     1   660 19580612 19581209  567  170 4 5 2 1 9 9 9 0   0   0 0 1 1 9 1 0 0 9 9 1 0 9 9 0 1 9 1 UNOGIL--Riggs-Plano/Butterw    
mint     1   663 19581025 19581029  568  170 4 5 0 0 1 0 9 0   0   0 0 1 1 9 1 0 0 0 9 1 0 0 9 0 1 9 1 Evac. UK Troops-Riggs-Plano    
mint   666   660 19720224 19730810  569  153 1 6 5 9 4 9 9 9 999  40 3 1 0 9 1 9 1 9 1 0 1 9 1 1 1 3 1 Retal Syr/PLO-Jessup/NYT       
mint   666   652 19720223 19730108  570  153 1 3 5 9 4 0 9 1 999 999 3 1 0 0 1 0 1 9 1 0 1 1 1 1 2 3 1 Anti-Guer/Golan-Jessp/NYT/Kees 
mint   652   660 19760122 19881231  571  170 1 2 5 4 4 9 9 9 100 998 3 1 1 1 0 1 0 9 1 9 9 9 1 1 1 1 1 Leb Civ War-Jessup/NYT/Pogany  
mint     2   660 19820624 19820624  572  170 1 0 0 0 0 1 2 9 999 999 0 1 0 9 1 9 0 9 0 1 0 1 0 0 1 5 1 Civil War Evac.--FAf           
mint     2   660 19820825 19820901  573  170 1 0 3 1 9 2 2 0 999 999 0 1 0 9 1 1 0 9 1 1 0 9 0 0 1 5 1 Evac. PLO--FAf/Jessup          
mint   220   660 19820821 19820920  574  170 1 0 3 1 2 9 9 0 999 999 1 9 9 9 1 1 0 9 1 1 0 9 0 0 1 4 1 Evac. PLO--FAf/Jessup          
mint   325   660 19820821 19820920  575  170 1 0 3 1 9 9 9 0 999 999 0 0 0 9 1 1 0 9 1 1 0 9 0 0 1 4 1 Evac. PLO--FAf/Jessup          
mint   200   660 19820827 19820920  576  170 1 0 3 1 9 2 9 0 999 999 0 9 0 9 1 1 0 9 1 1 0 9 0 0 1 4 1 Evac. PLO--Jessup              
mint     2   660 19820829 19840330  577  170 1 1 5 2 4 5 2 1 400 998 0 1 0 1 0 1 0 9 1 9 0 1 0 0 1 5 1 Leb. Civil War--Jessup/FAf     
mint   220   660 19820920 19840331  578  170 2 1 5 2 4 9 9 9  68 998 1 1 9 1 0 1 0 9 1 9 0 1 0 0 1 4 1 Leb. Civil War--Jessup/FAf     
mint   325   660 19820920 19840220  579  170 2 1 5 2 9 9 9 9  15 998 0 1 0 1 0 1 0 9 1 9 0 1 0 0 1 4 1 Leb. Civil War--Jessup/FAf     
mint   200   660 19821231 19840203  580  170 1 1 5 1 9 9 9 9 999 998 0 1 0 1 0 1 0 9 1 9 0 1 0 0 1 4 1 Leb. Civil War--Jessup/FAf     
mint     2   660 19760620 19760621  581  170 1 0 0 0 9 1 1 0   0   0 0 1 0 9 1 9 0 9 9 1 0 9 0 0 1 5 1 Leb Civ War Evac--NYT/FoF      
mint   619   660 19760610 19761026  582  170 4 0 3 2 9 9 9 0   6 998 0 9 1 1 0 9 0 9 1 9 9 9 9 1 1 9 1 Arab Force-Pogany/NYT/Fof/Kees 
mint   619   660 19761026 19820727  583  170 4 2 5 4 4 9 9 9 120 998 0 1 1 1 0 1 0 9 1 9 9 9 9 1 1 9 1 Arab Force--Pogany/FoF         
mint     1   660 19780322 19881231  584  170 4 1 2 3 2 0 9 0  97 999 0 1 1 9 1 9 0 9 1 9 0 9 9 0 1 9 1 UNIFIL--Pogany/NYT/UN          
mint     2   620 19860324 19860415  585  171 1 3 0 0 4 9 9 9   2  75 0 9 0 9 1 0 0 1 1 0 2 1 0 0 2 5 1 Anti-Lib. Bombing--FAf/NYT     
mint   620   325 19860415 19860415  586  171 1 5 0 0 0 5 1 1   0   0 3 0 0 0 1 0 0 1 1 0 2 1 0 0 4 1 4 Attack US Base--FAf/NYT        
mint   220   620 19571005 19571005  587  172 1 6 5 9 9 0 9 9 999 999 3 9 0 0 1 0 1 1 1 0 1 9 1 1 1 4 1 Alg. Rebels--NYT               
mint   220   616 19560512 19601026  588  172 3 6 5 4 4 9 9 1 141 300 1 9 9 0 1 0 1 1 1 0 1 9 1 1 1 4 1 Alg/Guer-NYT/Jessp/Butterw/Ks  
mint   220   600 19560703 19610930  589  172 3 3 5 4 4 9 9 1  68  64 2 0 1 9 1 0 1 1 1 0 1 9 1 1 1 4 1 Post-Indep/Alg-NYT/FoF/C-H/Ks  
mint   220   600 19620228 19620228  590  172 1 3 0 0 4 0 9 9 999 999 2 1 9 0 1 9 1 1 9 0 1 9 1 1 1 4 1 Unauth. Airraid--NYT           
mint   429   615 19631104 19640707  591  156 4 0 2 1 9 0 9 0   0   0 0 0 1 0 1 0 0 0 9 1 0 9 9 0 3 9 1 Mali/Eth Obs.--Kees/Jessup     
mint   429   600 19631104 19640707  592  156 4 0 2 1 9 0 9 0   0   0 0 0 1 0 1 0 0 0 9 1 0 9 9 0 1 9 1 Mali/Eth Obs.--Kees/Jessup     
mint   220   616 19610719 19620813  593  172 3 3 5 4 4 9 9 9 125 998 1 1 9 0 1 0 9 9 1 0 9 1 1 0 1 4 1 Alg/Bzrte-Jesp/Ks/NYT/Btrw/AfD 
mint   698   680 19720506 19751211  594  165 1 6 9 9 4 0 9 9 780 999 9 9 1 9 1 0 1 9 1 0 1 9 1 1 2 1 1 Dhofar Rebel.-Jessp/Keesings   
mint   630   698 19731231 19790228  595  165 1 2 5 2 2 4 9 9 999 780 0 9 9 1 0 9 0 9 1 0 9 9 2 2 1 1 1 Dhofar-Jessp/NYT/Keesings/FoF  
mint   200   698 19661231 19770331  596  165 2 1 5 1 9 9 9 9   4 780 2 1 1 1 0 9 0 1 1 0 9 1 0 0 1 4 1 Dfr-Jsp/MPD/Tnd/Ptsn/Ks/NT/FoF 
mint   200   698 19570719 19590410  597  173 2 1 5 1 4 9 9 9 999  30 2 1 1 1 0 9 0 1 9 0 9 9 0 1 1 4 1 Dhofar Reb.-NYT/MEPD/Keesngs   
mint   663   698 19750228 19750930  598  165 1 1 5 2 2 0 9 0 999 999 9 9 1 1 0 9 0 9 1 0 0 9 0 0 1 1 1 Dhofar-Petrsn/Butterw/Halliday 
mint    40   680 99999999 19760311  599  165 1 1 9 9 3 9 9 9 999 999 0 0 9 0 1 0 0 9 1 0 0 9 0 0 2 3 1 Dhofar Reb.-Peterson/Keesings  
mint   694   692 19860426 19860531  600  174 1 3 4 1 0 2 1 0   0   0 3 9 1 0 1 0 0 1 9 0 2 9 2 2 1 1 1 Disputed Islands-Disp87/NYT    
mint   651   670 19621105 19670531  601  175 1 3 9 9 4 5 1 1 999  85 3 9 1 9 1 0 1 9 1 0 9 9 0 1 1 3 1 Yemen War-NYT/Btrw/Ks/Bdb/Wn   
mint   680   670 19691126 19701031  602  176 1 3 5 1 4 0 9 9   6   2 3 9 1 9 1 9 9 9 1 0 2 9 1 1 1 1 1 S.Y.War & Territ-NYT/Jessp/FoF 
mint   670   680 19691203 19701031  603  176 1 3 9 9 4 0 9 9   2   6 3 9 1 1 0 9 1 9 1 0 2 9 1 1 2 1 1 S.Y.War & Territ-NYT/Jessp/Fof 
mint   680   678 19720509 19721028  604  177 1 3 4 2 4 0 9 1   1 117 3 1 1 9 1 9 1 9 1 0 9 9 1 1 3 1 1 Rebels-Jesp/NYT/Btrw/FoF/Kees  
mint   365   678 19671130 19680315  605  175 1 1 9 9 4 9 9 0 999 999 0 9 9 1 0 9 0 0 1 0 0 9 0 9 3 5 1 Yem. Civil War-Kaplan          
mint   652   678 19681231 19681231  606  175 1 1 9 9 4 9 9 0 999 999 3 0 1 1 0 9 0 0 1 0 0 9 0 0 3 1 1 Yem Repl. Soviets--Kaplan      
mint   365   625 19701231 19711231  607  179 1 1 9 9 4 0 9 0 999 999 0 9 9 1 0 1 0 9 1 0 0 9 0 9 3 5 1 Sud.Civ.War-Kaplan/Wai         
mint   620   625 19860331 19860430  608  179 1 2 0 0 4 0 9 0 999 999 0 9 1 1 0 1 0 9 1 0 9 9 1 1 3 1 1 Sud Civ War-WSJ/NYT/Ks/ACR     
mint   651   625 19840323 19850228  609  180 1 5 9 9 3 0 9 0   0   0 1 1 1 9 1 9 9 9 1 0 9 9 1 1 1 3 1 Anti-Libya--AR/ACR             
mint     2   625 19840323 19840331  610  180 1 5 9 9 2 9 9 0   0   0 0 9 0 9 1 9 0 9 1 0 0 9 0 1 1 5 1 Transport Egy.--AR/ACR         
mint   220   652 19460102 19460415  611  181 2 2 5 1 9 0 9 9 999 999 1 9 9 1 0 9 9 9 9 0 9 1 0 0 1 4 1 General Strike--NYT/Jessup     
mint   663   652 19460813 19460831  612  182 1 3 5 1 9 0 9 9   1 999 3 9 9 9 1 9 9 9 9 9 9 9 1 1 1 1 1 Retal. for "Shelling"--NYT     
mint   645   652 19690315 19701231  613  153 1 5 3 3 9 0 9 0 999 999 3 1 1 9 1 9 0 9 1 0 9 9 1 1 2 1 1 Arab Command-NYT/FoF/Ks/Jessup 
mint   645   651 19590310 19590430  614  183 1 6 5 1 4 0 9 9   0   1 3 9 1 9 1 0 1 9 1 0 0 9 1 1 3 1 2 Mosul Rebel-FoF/LT/NYT/Butterw 
mint   651   666 19690128 19691020  615  153 1 3 5 1 9 0 9 1 999 999 3 1 0 9 1 9 0 9 1 0 2 1 1 1 1 2 2 Syr. Border/DMZ--NYT           
mint   645   640 19620709 19620816  616  161 1 6 0 0 4 0 9 9   1   9 3 9 0 9 1 0 1 1 1 0 1 9 1 1 4 1 2 Kurdish Reb.-Kees/FoF/NYT      
mint   651   652 19580201 19610928  617  169 3 2 3 2 9 9 9 0 999 999 3 1 1 1 0 9 0 1 1 0 1 9 0 0 2 2 1 UAR Merger-NYT/Jessup          
mint   645   640 19740429 19740531  618  161 1 6 0 0 9 0 9 1 999   7 3 1 0 9 1 0 1 1 1 0 1 9 1 1 4 1 2 Kurdish Reb.--FoF              
mint   630   200 19711130 19711201  619  178 1 3 4 9 9 2 9 9   0   0 0 0 1 0 1 9 0 1 1 0 2 0 0 2 4 1 4 Occupy Gulf Is.--Disp.82       
mint   680   678 19680219 19701231  620  175 1 2 5 1 9 9 9 9 999 999 3 9 1 1 0 9 9 9 1 0 9 9 1 1 3 1 1 Yem. Civil War--NYT/Jessup     
mint   651   678 19621001 19671215  621  175 1 1 5 4 4 9 9 9 998 998 3 0 1 1 0 9 0 9 1 0 0 9 0 0 3 3 1 Yem War/Butterw/Badeeb/Wenner  
mint     1   678 19630613 19640904  622  175 4 0 2 1 2 0 9 0   0   0 0 9 1 0 1 0 0 0 9 1 0 9 9 0 3 9 1 UN(UNYOM)-Wnhse/Riggs-P/UN     
mint   200   678 19630622 19650418  623  184 1 3 3 1 4 0 9 1  12 999 0 1 0 9 1 0 9 1 1 0 9 9 0 1 3 4 1 Retal Aden-Yem-NYT/Jesp/MEJ/Ks 
mint   678   200 19630129 19640331  624  184 1 3 5 1 4 0 9 9 999  25 0 1 0 9 1 9 9 9 1 0 9 9 1 1 1 1 1 Border War-NYT/Jessp/MEJ/Ks    
mint   651   200 19630214 19640331  625  175 1 3 5 9 4 0 9 9 999  25 3 9 0 9 1 9 9 9 1 0 9 9 0 1 1 3 1 Yem War/Aden-NYT/MEJ/Ks/Bdb/Wn 
mint   678   200 19650418 19650418  626  175 1 3 9 9 9 0 9 1 999 999 3 1 0 9 1 9 9 9 1 0 9 9 1 1 1 1 1 Border Firing--NYT             
mint   200   678 19661130 19661231  627  175 1 3 9 9 4 0 9 1 999  12 0 1 0 9 1 0 9 1 1 0 9 9 0 1 3 4 1 Aden/Attack Village--MEJ       
mint   200   678 19580508 19591231  628  184 1 3 5 1 4 0 9 1  23  50 0 1 0 9 1 0 1 1 1 0 1 1 1 1 3 4 1 UK-Aden--NYT/Keesings          
mint   678   200 19570109 19581231  629  184 1 3 4 1 9 0 9 1  50  23 3 1 0 1 0 9 9 9 1 9 1 1 1 1 4 1 4 UK-Aden--NYT/Keesings          
mint     2   670 19631112 19631112  630  175 1 1 0 0 3 4 1 0   0   0 0 9 9 0 1 0 0 1 1 9 0 9 0 0 1 5 1 UAR Bombing--Keesings          
mint   678   680 19721008 19721028  632  177 1 3 5 9 3 2 9 1 117  26 3 9 1 0 1 9 9 9 1 0 2 1 1 1 2 1 1 Rebel Disp.-Jessp/FoF/Keesings 
mint   200   678 19540731 19541231  633  184 1 3 9 9 4 9 9 9 999 999 0 9 0 9 1 0 1 1 1 0 1 1 1 1 3 4 1 UK-Aden--NYT                   
mint   678   200 19540630 19541231  634  184 1 3 5 1 9 0 9 9 999 999 3 9 0 1 0 9 9 9 1 9 1 1 1 1 4 1 4 UK-Aden--NYT                   
mint   680   678 19790224 19790331  635  177 1 3 5 2 4 0 9 1 999 999 3 1 1 1 0 9 1 9 1 0 9 9 1 1 3 1 1 Yem Invas-NYT/Jessp/Ec/Kees    
mint   678   680 19790224 19790331  636  177 1 3 5 2 3 0 9 1 999 999 3 1 1 9 1 9 1 9 1 0 9 9 1 1 2 1 1 Yem Invas-NYT/Jessp/Keesings   
mint     2   490 19600731 19611231  637  145 1 5 9 9 2 2 2 0 999 999 0 0 0 9 1 1 0 9 9 1 0 1 0 0 3 5 1 Congo/UN/Evac--Keesings/NYT    
mint     1   670 19630704 19640904  638  175 4 0 2 1 2 0 9 0   0   0 0 9 1 0 1 0 0 0 9 1 0 9 9 0 1 9 1 UN(UNYOM)-Wnhse/Riggs-P/UN     
mint    90    70 19820930 19830131  639   37 1 6 5 1 3 0 9 1 999   6 3 9 1 0 1 0 1 9 9 0 9 0 1 1 4 1 3 Refugee Camps-Kees./NYT/FoF    
mint   651   490 19770502 19770530  640  147 1 1 0 0 3 0 9 0 999 999 0 9 1 1 0 9 0 9 1 0 0 0 0 0 1 3 1 Shaba I--NYT/ACR/Keesings      
mint   101    94 19780914 19791231  641   26 1 1 9 9 3 0 9 0 999 999 3 0 1 0 1 0 0 9 1 9 0 9 0 0 4 2 1 Anti-Somoza--Keesings/Newswk   
mint    95    94 19780914 19791231  642   26 1 1 9 9 3 0 9 0 999 999 3 9 1 0 1 0 0 9 1 9 9 9 1 1 4 1 1 Anti-Somoza--Keesings/Newswk   
mint   350   352 19640531 19680116  643    6 3 2 4 3 9 9 9 9 999 300 3 1 1 1 0 1 0 1 1 9 1 9 0 0 3 1 1 Cyp.-Kees/NYT/Purcell/FoF      
mint   640   352 19640531 19681231  644    6 3 4 4 2 4 5 1 1 999 300 1 1 1 1 0 1 0 9 1 9 1 9 2 2 3 2 1 Cyp.-Kees/NYT/Purcell/FoF      
mint   619   680 19721031 19721231  645  177 4 0 2 1 9 9 9 0   0   0 0 9 1 0 1 0 0 0 9 1 0 9 9 9 2 9 1 A.L.Peacekeep-Hassouna/Butterw 
mint   619   678 19721031 19721231  646  177 4 0 2 1 9 9 9 0   0   0 0 9 1 0 1 0 0 0 9 1 0 9 9 9 3 9 1 A.L.Peacekeep-Hassouna/Butterw 
mint   770   620 19771231 99999999  647  185 1 1 9 9 3 0 9 0 999 999 0 9 9 9 1 0 0 1 9 0 0 9 0 0 2 3 1 Air Force Troops--NYT          
mint   770   695 19771231 19881231  648  186 1 1 9 9 3 9 9 0 999 999 0 9 9 9 1 0 0 1 9 0 0 9 0 0 1 3 1 Air Force Troops--NYT          
mint   770   670 19811231 19881231  649  162 3 1 3 4 2 9 9 0 999 999 0 9 9 9 1 9 0 1 1 0 0 9 0 9 1 3 1 Protect Royal Family--NYT      
mint   620   660 19721231 19821231  650  153 1 5 9 9 3 9 9 9 999 999 3 9 1 9 1 9 0 0 1 0 0 0 0 0 1 1 1 Pro-PLO--FAf/Keesings          
mint    40   101 19670508 19670512  651  187 1 3 4 1 0 2 9 9   2 999 3 9 9 1 0 9 0 9 1 9 0 0 0 0 4 3 1 Guer. Landing-NYT/Kees/Butterw 
mint   200   590 19680313 19681231  652  188 2 1 4 1 9 9 9 9 999 999 1 0 1 1 0 9 0 9 1 0 0 1 0 0 1 4 1 Ethnic Violence--NYT/Keesings  
mint     2   325 19851010 19851010  653  189 3 6 4 1 2 9 9 0   0   0 0 9 1 0 1 0 1 0 9 9 0 9 0 0 4 5 4 Achille L. Hijack-Keesings     
mint   390   200 19461231 19490921  654    3 1 1 3 2 9 0 9 0 999 999 3 0 9 0 1 0 0 9 1 0 9 9 1 1 4 1 4 Join German Occup.--NYT        
mint   385   200 19470228 19490921  655    3 1 1 3 2 9 9 9 0 999 999 9 0 9 0 1 0 0 9 1 0 0 9 0 0 4 1 4 Join German Occup.--NYT        
mint   211   200 19460401 19490921  656    3 1 1 3 4 9 0 9 0 999 999 3 0 9 0 1 0 0 9 1 0 9 9 1 1 4 1 4 Join German Occup.--NYT        
mint   350   352 19740716 19741207  657    6 2 3 4 1 9 9 9 9 999 999 3 1 1 1 0 1 0 1 1 0 1 9 0 0 3 1 1 Coup-Butterw/Disp82/87/NYT/Ks. 
mint   710   775 19690531 19741231  658   55 1 3 3 2 9 0 9 9 999 283 0 1 0 9 1 9 1 9 1 0 9 9 1 1 3 4 1 Anti-Nat./Guer.--WashP/FoF     
mint     1   350 19480105 19540528  659    4 4 0 2 1 2 0 9 0   2   0 0 0 1 0 1 0 0 0 1 9 0 9 9 0 1 9 1 Blkans-Rgs-P/Butterw/Hgns/UNYB 
mint   510   541 19870331 19881231  660  113 1 2 5 1 9 0 9 9 999 999 0 1 1 1 0 9 0 1 1 9 0 9 1 1 3 1 1 SAF/Civ.War--Keesings/LTms     
mint   560   551 19811231 19820430  661  108 1 6 4 1 3 0 9 9 999 999 3 1 0 0 1 0 1 1 1 0 1 9 1 1 3 3 1 Anti-SWAPO--ACR                
mint   670   678 19800228 19800531  662  190 1 3 5 1 4 0 9 9 999   6 3 9 1 9 1 0 0 1 1 0 9 9 1 1 3 1 1 Border & N-S Merger-NYT/Disp87 
mint   160   200 19760204 19760204   59   19 1 3 0 0 0 4 1 0   0   0 1 9 0 0 1 0 0 1 9 0 1 9 0 0 4 3 4 Chase UK Ship-FoF/LTimes/R&E   
mint   652   660 19730103 19730103  663  153 1 5 0 0 4 0 9 9   0   0 3 1 1 0 1 0 0 0 1 0 0 9 1 1 1 1 1 Isr-Syr Dogfight in L.-NYT     
mint   680   698 19810630 19820731  664  165 1 3 5 1 9 9 9 0 999 999 0 1 1 1 0 9 9 9 1 0 9 9 1 1 1 1 1 Post-Dhofar-Bidwill/Disp87/MEJ 
mint   365   652 19830331 19881231  665  191 1 1 0 0 3 0 9 0 999 999 0 1 1 0 1 9 0 0 1 0 0 9 0 0 2 5 1 SAM Missiles--FoF/Kees/NYT     
mint   630   645 19690422 19690425  666  162 1 3 0 0 0 4 1 0   0   0 0 9 0 9 1 9 0 1 9 0 1 9 1 1 2 1 1 River Shipping-Jessp/FoF       
mint     2   640 19571018 19571120  197  169 1 1 9 9 9 4 1 0   0   0 0 9 1 0 1 0 0 9 1 0 0 9 0 0 4 5 2 Syr-Tur Disp-NYT/FoF           
mint   651   625 19701231 19721024  490  179 1 1 4 3 3 9 9 0 999 999 1 9 1 1 0 1 9 1 1 0 9 9 1 1 3 3 1 Sud Civ War-Epirle/NYT/Ks/Time 
mint   553   541 19870411 19881231  631  113 1 2 3 9 9 0 9 9 999 999 0 9 1 1 0 9 0 1 1 9 0 9 1 1 3 1 1 SAF/Civ.War--Keesings/LTms     
mint   670   663 19670630 99999999  668  153 1 5 4 2 9 0 9 0 999 999 3 1 1 9 1 9 0 9 1 0 0 9 1 1 1 1 1 1967 War Deter-Keesings        
mint   645   666 19681202 19681203  669  153 1 3 0 0 0 0 9 1 999 999 3 1 0 9 1 9 0 0 1 0 9 9 0 1 1 1 3 W.Bank Shell--Keesings         
mint   663   666 19681202 19681203  670  153 1 3 0 0 0 0 9 1 999 999 3 1 0 9 1 9 0 1 1 0 1 9 1 1 1 1 3 W.Bank Shell--Keesings         
mint   616   220 19570909 19570912  671  172 1 3 9 9 0 0 9 1 999 999 3 9 9 9 1 9 0 9 1 9 9 9 1 1 4 1 4 Alg. Clash--Jessup             
mint   541   552 19760731 19761231  165  112 1 3 5 9 0 0 9 9 999   0 0 0 0 9 1 0 9 1 1 9 9 9 1 1 1 1 1 Retal. Zim War-Keesings        
mint   645   652 19510506 19581231  107  153 1 5 3 9 3 0 9 0 999 999 3 9 1 9 1 0 0 9 1 0 0 9 1 1 3 1 1 Deter Isr.--Keesings/LTms      
mint   663   670 19631231 19670531  188  175 9 5 3 1 9 0 9 0 999 999 3 9 1 0 1 0 9 1 1 9 0 9 1 1 1 1 1 Yem War Deter--Badeeb          
